40  151 9.4 10.2 1.5 0.02 0.01
-0.492185  -0.491745  -0.491307  -0.49087  -0.490435  -0.490001  -0.489568  -0.489137  -0.488708  -0.488279  -0.487852  -0.487427  -0.487003  -0.48658  -0.486159  -0.485739  -0.48532  -0.484903  -0.484487  -0.484073  -0.48366  -0.483248  -0.482837  -0.482428  -0.48202  -0.481614  -0.481208  -0.480804  -0.480401  -0.48  -0.63977  -0.63954  -0.639312  -0.639084  -0.638857  -0.638631  -0.638406  -0.638182  -0.637958  -0.637735  
-0.492186  -0.491746  -0.491308  -0.490871  -0.490436  -0.490002  -0.489569  -0.489138  -0.488709  -0.48828  -0.487853  -0.487428  -0.487004  -0.486581  -0.48616  -0.48574  -0.485321  -0.484904  -0.484488  -0.484074  -0.483661  -0.483249  -0.482838  -0.482429  -0.482021  -0.481614  -0.481209  -0.480805  -0.480402  -0.538901  -0.61669  -0.639541  -0.639313  -0.639085  -0.638858  -0.638632  -0.638407  -0.638182  -0.637959  -0.638058  
-0.492187  -0.491747  -0.491309  -0.490872  -0.490437  -0.490003  -0.48957  -0.489139  -0.48871  -0.488281  -0.487854  -0.487429  -0.487005  -0.486582  -0.486161  -0.485741  -0.485322  -0.484905  -0.484489  -0.484075  -0.483662  -0.48325  -0.482839  -0.48243  -0.482022  -0.481615  -0.48121  -0.480806  -0.501446  -0.558851  -0.614534  -0.636521  -0.639314  -0.639086  -0.638859  -0.638633  -0.638408  -0.638183  -0.638084  -0.638213  
-0.492188  -0.491748  -0.49131  -0.490873  -0.490438  -0.490004  -0.489571  -0.48914  -0.48871  -0.488282  -0.487855  -0.48743  -0.487006  -0.486583  -0.486162  -0.485742  -0.485323  -0.484906  -0.48449  -0.484076  -0.483662  -0.48325  -0.48284  -0.482431  -0.482023  -0.481616  -0.481211  -0.488238  -0.519019  -0.571092  -0.615246  -0.634764  -0.638924  -0.639087  -0.63886  -0.638634  -0.638409  -0.638232  -0.638205  -0.638305  
-0.492189  -0.491749  -0.491311  -0.490874  -0.490439  -0.490005  -0.489572  -0.489141  -0.488711  -0.488283  -0.487856  -0.487431  -0.487007  -0.486584  -0.486163  -0.485743  -0.485324  -0.484907  -0.484491  -0.484077  -0.483663  -0.483251  -0.482841  -0.482432  -0.482024  -0.481617  -0.483823  -0.49815  -0.5333  -0.580042  -0.616674  -0.633854  -0.638507  -0.639037  -0.638861  -0.638635  -0.638428  -0.638303  -0.638305  -0.638364  
-0.492189  -0.49175  -0.491312  -0.490875  -0.49044  -0.490006  -0.489573  -0.489142  -0.488712  -0.488284  -0.487857  -0.487432  -0.487008  -0.486585  -0.486164  -0.485744  -0.485325  -0.484908  -0.484492  -0.484077  -0.483664  -0.483252  -0.482842  -0.482433  -0.482025  -0.482533  -0.488605  -0.508562  -0.545153  -0.587104  -0.618284  -0.633441  -0.638167  -0.63896  -0.638855  -0.638643  -0.638465  -0.638378  -0.638386  -0.638406  
-0.49219  -0.491751  -0.491313  -0.490876  -0.490441  -0.490007  -0.489574  -0.489143  -0.488713  -0.488285  -0.487858  -0.487433  -0.487009  -0.486586  -0.486165  -0.485745  -0.485326  -0.484909  -0.484493  -0.484078  -0.483665  -0.483253  -0.482843  -0.482433  -0.482346  -0.484664  -0.494794  -0.518717  -0.55519  -0.592918  -0.619896  -0.633324  -0.637918  -0.638876  -0.638845  -0.63866  -0.638513  -0.63845  -0.63845  -0.638437  
-0.492191  -0.491752  -0.491314  -0.490877  -0.490442  -0.490008  -0.489575  -0.489144  -0.488714  -0.488286  -0.487859  -0.487434  -0.48701  -0.486587  -0.486165  -0.485746  -0.485327  -0.48491  -0.484494  -0.484079  -0.483666  -0.483254  -0.482844  -0.482546  -0.48325  -0.487942  -0.501793  -0.528323  -0.56382  -0.597832  -0.62144  -0.633385  -0.63775  -0.638799  -0.638837  -0.638686  -0.638566  -0.638517  -0.638503  -0.63846  
-0.492191  -0.491753  -0.491315  -0.490878  -0.490443  -0.490009  -0.489576  -0.489145  -0.488715  -0.488287  -0.48786  -0.487435  -0.48701  -0.486588  -0.486166  -0.485746  -0.485328  -0.484911  -0.484495  -0.48408  -0.483667  -0.483255  -0.482884  -0.482919  -0.484864  -0.492171  -0.509194  -0.537283  -0.571329  -0.602061  -0.622891  -0.633555  -0.637646  -0.638736  -0.638832  -0.638718  -0.638621  -0.638576  -0.638546  -0.638478  
-0.492192  -0.491754  -0.491316  -0.490879  -0.490444  -0.49001  -0.489577  -0.489146  -0.488716  -0.488288  -0.487861  -0.487436  -0.487011  -0.486589  -0.486167  -0.485747  -0.485329  -0.484912  -0.484496  -0.484081  -0.483668  -0.48327  -0.483034  -0.483673  -0.487203  -0.497132  -0.516722  -0.545577  -0.577923  -0.605746  -0.624239  -0.633789  -0.637594  -0.638691  -0.638834  -0.638754  -0.638674  -0.638628  -0.638581  -0.638493  
-0.492193  -0.491755  -0.491317  -0.49088  -0.490445  -0.490011  -0.489578  -0.489147  -0.488717  -0.488289  -0.487862  -0.487437  -0.487012  -0.48659  -0.486168  -0.485748  -0.48533  -0.484912  -0.484497  -0.484082  -0.483674  -0.483329  -0.483373  -0.484888  -0.490222  -0.502622  -0.524197  -0.553227  -0.583755  -0.608988  -0.625485  -0.634061  -0.637582  -0.638663  -0.638843  -0.638792  -0.638725  -0.638674  -0.638611  -0.638504  
-0.492193  -0.491756  -0.491318  -0.490881  -0.490446  -0.490012  -0.489579  -0.489148  -0.488718  -0.48829  -0.487863  -0.487437  -0.487013  -0.486591  -0.486169  -0.485749  -0.485331  -0.484913  -0.484497  -0.484085  -0.483697  -0.483478  -0.483975  -0.4866  -0.49384  -0.508469  -0.531502  -0.560268  -0.588942  -0.61186  -0.626633  -0.634352  -0.6376  -0.638651  -0.638859  -0.638831  -0.638772  -0.638714  -0.638636  -0.638514  
-0.492194  -0.491756  -0.491319  -0.490882  -0.490447  -0.490013  -0.48958  -0.489149  -0.488719  -0.488291  -0.487864  -0.487438  -0.487014  -0.486592  -0.48617  -0.48575  -0.485331  -0.484914  -0.484499  -0.484094  -0.483761  -0.483766  -0.484895  -0.48881  -0.497963  -0.514534  -0.538559  -0.56674  -0.593578  -0.614418  -0.62769  -0.634652  -0.637643  -0.638654  -0.63888  -0.63887  -0.638816  -0.638749  -0.638656  -0.638521  
-0.492194  -0.491757  -0.49132  -0.490883  -0.490448  -0.490013  -0.489581  -0.48915  -0.48872  -0.488292  -0.487865  -0.487439  -0.487015  -0.486592  -0.486171  -0.485751  -0.485332  -0.484915  -0.484503  -0.484122  -0.483895  -0.484239  -0.486168  -0.491496  -0.502497  -0.520702  -0.545323  -0.572686  -0.597737  -0.616709  -0.628662  -0.634953  -0.637703  -0.638669  -0.638906  -0.638909  -0.638855  -0.63878  -0.638674  -0.638528  
-0.492195  -0.491758  -0.491321  -0.490884  -0.490449  -0.490014  -0.489582  -0.489151  -0.488721  -0.488293  -0.487866  -0.48744  -0.487016  -0.486593  -0.486172  -0.485752  -0.485333  -0.484918  -0.484515  -0.484182  -0.48413  -0.484938  -0.487812  -0.494621  -0.50735  -0.526884  -0.551765  -0.578146  -0.60148  -0.618766  -0.629555  -0.63525  -0.637778  -0.638694  -0.638935  -0.638946  -0.638891  -0.638807  -0.638689  -0.638533  
-0.492195  -0.491759  -0.491322  -0.490885  -0.490449  -0.490015  -0.489583  -0.489152  -0.488722  -0.488294  -0.487867  -0.487441  -0.487017  -0.486594  -0.486173  -0.485753  -0.485335  -0.484923  -0.484542  -0.484296  -0.4845  -0.485896  -0.489832  -0.498137  -0.512439  -0.533009  -0.55787  -0.583161  -0.604856  -0.620621  -0.630378  -0.63554  -0.637862  -0.638727  -0.638967  -0.638982  -0.638924  -0.63883  -0.638702  -0.638538  
-0.492196  -0.49176  -0.491323  -0.490886  -0.49045  -0.490016  -0.489584  -0.489153  -0.488723  -0.488295  -0.487868  -0.487442  -0.487018  -0.486595  -0.486174  -0.485754  -0.485337  -0.484935  -0.484596  -0.484486  -0.485035  -0.487134  -0.492216  -0.501993  -0.517691  -0.539023  -0.563636  -0.587765  -0.60791  -0.622297  -0.631135  -0.63582  -0.637953  -0.638766  -0.639  -0.639016  -0.638954  -0.638851  -0.638713  -0.638542  
-0.492197  -0.491761  -0.491323  -0.490887  -0.490451  -0.490017  -0.489585  -0.489154  -0.488724  -0.488295  -0.487869  -0.487443  -0.487019  -0.486596  -0.486175  -0.485756  -0.485343  -0.484961  -0.484691  -0.484775  -0.485762  -0.488666  -0.494947  -0.506134  -0.52304  -0.544885  -0.569063  -0.591994  -0.610677  -0.623815  -0.631833  -0.636091  -0.638049  -0.63881  -0.639035  -0.639048  -0.63898  -0.638869  -0.638722  -0.638545  
-0.492197  -0.491761  -0.491324  -0.490888  -0.490452  -0.490018  -0.489586  -0.489155  -0.488725  -0.488296  -0.487869  -0.487444  -0.48702  -0.486597  -0.486176  -0.485759  -0.485355  -0.485007  -0.484842  -0.485186  -0.486702  -0.490495  -0.497998  -0.51051  -0.528429  -0.550563  -0.574159  -0.595878  -0.613189  -0.625194  -0.632477  -0.63635  -0.638148  -0.638857  -0.639069  -0.639079  -0.639004  -0.638885  -0.638731  -0.638548  
-0.492198  -0.491762  -0.491325  -0.490889  -0.490453  -0.490019  -0.489587  -0.489155  -0.488726  -0.488297  -0.48787  -0.487445  -0.487021  -0.486598  -0.486178  -0.485764  -0.485378  -0.485084  -0.485068  -0.485741  -0.487872  -0.492619  -0.501339  -0.515069  -0.53381  -0.556035  -0.578934  -0.599446  -0.615473  -0.626449  -0.633071  -0.636598  -0.638247  -0.638906  -0.639104  -0.639107  -0.639026  -0.638899  -0.638738  -0.63855  
-0.492198  -0.491763  -0.491326  -0.49089  -0.490454  -0.49002  -0.489588  -0.489156  -0.488727  -0.488298  -0.487871  -0.487446  -0.487022  -0.486599  -0.486181  -0.485775  -0.485417  -0.485205  -0.485385  -0.48646  -0.489281  -0.495028  -0.504938  -0.519764  -0.539142  -0.561285  -0.5834  -0.602725  -0.617552  -0.627593  -0.63362  -0.636834  -0.638346  -0.638956  -0.639138  -0.639134  -0.639045  -0.638911  -0.638744  -0.638552  
-0.492199  -0.491764  -0.491327  -0.490891  -0.490455  -0.490021  -0.489589  -0.489157  -0.488728  -0.488299  -0.487872  -0.487447  -0.487023  -0.486601  -0.486186  -0.485795  -0.48548  -0.485381  -0.485812  -0.487357  -0.490935  -0.497708  -0.508759  -0.524552  -0.544392  -0.566303  -0.58757  -0.605738  -0.619448  -0.628637  -0.634128  -0.637059  -0.638445  -0.639006  -0.639171  -0.639159  -0.639063  -0.638922  -0.638749  -0.638554  
-0.4922  -0.491765  -0.491328  -0.490892  -0.490456  -0.490022  -0.48959  -0.489158  -0.488729  -0.4883  -0.487873  -0.487448  -0.487024  -0.486604  -0.486196  -0.485827  -0.485575  -0.485627  -0.486364  -0.488447  -0.492835  -0.500641  -0.512769  -0.529392  -0.54953  -0.571084  -0.59146  -0.608507  -0.621179  -0.629591  -0.634598  -0.637271  -0.638541  -0.639056  -0.639204  -0.639182  -0.639079  -0.638931  -0.638754  -0.638556  
-0.4922  -0.491766  -0.491329  -0.490893  -0.490457  -0.490023  -0.48959  -0.489159  -0.488729  -0.488301  -0.487874  -0.487449  -0.487026  -0.486609  -0.486213  -0.485878  -0.485713  -0.485956  -0.487056  -0.489737  -0.494976  -0.503806  -0.516932  -0.534248  -0.554535  -0.575625  -0.595084  -0.611054  -0.622761  -0.630465  -0.635033  -0.637473  -0.638634  -0.639105  -0.639235  -0.639203  -0.639093  -0.63894  -0.638758  -0.638557  
-0.492201  -0.491766  -0.49133  -0.490893  -0.490458  -0.490024  -0.489591  -0.48916  -0.48873  -0.488302  -0.487875  -0.48745  -0.487029  -0.486618  -0.486239  -0.485954  -0.485904  -0.486382  -0.487901  -0.491235  -0.497352  -0.507181  -0.521216  -0.539089  -0.559388  -0.579928  -0.598457  -0.613396  -0.624208  -0.631267  -0.635436  -0.637663  -0.638724  -0.639153  -0.639264  -0.639223  -0.639107  -0.638948  -0.638762  -0.638558  
-0.492201  -0.491767  -0.491331  -0.490894  -0.490459  -0.490025  -0.489592  -0.489161  -0.488731  -0.488303  -0.487876  -0.487452  -0.487033  -0.486632  -0.48628  -0.486062  -0.486159  -0.486917  -0.488909  -0.492941  -0.499951  -0.51074  -0.525587  -0.543887  -0.564076  -0.583997  -0.601593  -0.61555  -0.625533  -0.632002  -0.63581  -0.637843  -0.638811  -0.639199  -0.639293  -0.639242  -0.639118  -0.638954  -0.638765  -0.638559  
-0.492202  -0.491768  -0.491332  -0.490895  -0.49046  -0.490026  -0.489593  -0.489162  -0.488732  -0.488304  -0.487878  -0.487455  -0.487041  -0.486654  -0.48634  -0.48621  -0.486488  -0.487574  -0.490089  -0.494856  -0.50276  -0.514459  -0.530018  -0.548618  -0.568588  -0.587835  -0.604509  -0.617533  -0.626747  -0.632678  -0.636157  -0.638012  -0.638895  -0.639244  -0.63932  -0.639259  -0.639129  -0.63896  -0.638768  -0.63856  
-0.492202  -0.491769  -0.491333  -0.490896  -0.490461  -0.490027  -0.489594  -0.489163  -0.488733  -0.488305  -0.487879  -0.487459  -0.487052  -0.486686  -0.486425  -0.486408  -0.486903  -0.488363  -0.491447  -0.496977  -0.505764  -0.518313  -0.534478  -0.553259  -0.572917  -0.591451  -0.607216  -0.619358  -0.627861  -0.633299  -0.636479  -0.638171  -0.638974  -0.639287  -0.639345  -0.639275  -0.639139  -0.638966  -0.63877  -0.638561  
-0.492203  -0.49177  -0.491333  -0.490897  -0.490462  -0.490028  -0.489595  -0.489164  -0.488734  -0.488306  -0.487882  -0.487465  -0.48707  -0.486734  -0.486541  -0.486664  -0.487415  -0.489293  -0.492985  -0.499296  -0.508946  -0.522276  -0.538944  -0.557794  -0.577059  -0.594851  -0.60973  -0.621039  -0.628884  -0.633871  -0.636777  -0.638321  -0.63905  -0.639328  -0.639369  -0.63929  -0.639148  -0.638971  -0.638773  -0.638562  
-0.492204  -0.49177  -0.491334  -0.490898  -0.490463  -0.490029  -0.489596  -0.489165  -0.488735  -0.488308  -0.487885  -0.487475  -0.487097  -0.486801  -0.486695  -0.486987  -0.488033  -0.490371  -0.494706  -0.501806  -0.512288  -0.526324  -0.54339  -0.562209  -0.581012  -0.598044  -0.612063  -0.622587  -0.629824  -0.634398  -0.637054  -0.638461  -0.639122  -0.639367  -0.639392  -0.639304  -0.639156  -0.638975  -0.638775  -0.638563  
-0.492204  -0.491771  -0.491335  -0.490899  -0.490464  -0.49003  -0.489597  -0.489166  -0.488737  -0.48831  -0.487891  -0.487489  -0.487134  -0.486891  -0.486894  -0.487387  -0.488766  -0.491605  -0.496609  -0.504497  -0.515769  -0.530433  -0.547797  -0.56649  -0.584775  -0.601039  -0.614226  -0.624013  -0.630688  -0.634883  -0.637311  -0.638593  -0.63919  -0.639403  -0.639413  -0.639317  -0.639164  -0.638979  -0.638777  -0.638563  
-0.492205  -0.491772  -0.491336  -0.4909  -0.490465  -0.490031  -0.489598  -0.489167  -0.488738  -0.488314  -0.487899  -0.487511  -0.487187  -0.487011  -0.487146  -0.487871  -0.489623  -0.492996  -0.49869  -0.507356  -0.519372  -0.53458  -0.552145  -0.57063  -0.588351  -0.603844  -0.616232  -0.625328  -0.631482  -0.635331  -0.63755  -0.638717  -0.639254  -0.639438  -0.639433  -0.639329  -0.63917  -0.638983  -0.638778  -0.638564  
-0.492205  -0.491773  -0.491337  -0.490901  -0.490466  -0.490032  -0.489599  -0.489168  -0.48874  -0.488318  -0.487911  -0.48754  -0.487258  -0.487167  -0.487458  -0.488449  -0.490609  -0.494549  -0.500944  -0.510372  -0.523076  -0.538745  -0.556417  -0.57462  -0.591741  -0.60647  -0.618092  -0.62654  -0.632214  -0.635744  -0.637771  -0.638832  -0.639315  -0.639471  -0.639452  -0.639339  -0.639177  -0.638986  -0.63878  -0.638564  
-0.492206  -0.491774  -0.491338  -0.490902  -0.490467  -0.490033  -0.4896  -0.48917  -0.488743  -0.488325  -0.487928  -0.487582  -0.487352  -0.487364  -0.487839  -0.489129  -0.491731  -0.496263  -0.503366  -0.513528  -0.526861  -0.542908  -0.560601  -0.578456  -0.594951  -0.608925  -0.619816  -0.627657  -0.632888  -0.636125  -0.637977  -0.63894  -0.639372  -0.639503  -0.63947  -0.63935  -0.639182  -0.638989  -0.638781  -0.638565  
-0.492206  -0.491774  -0.491339  -0.490903  -0.490468  -0.490034  -0.489601  -0.489172  -0.488747  -0.488335  -0.487952  -0.487638  -0.487473  -0.487608  -0.488295  -0.489917  -0.492994  -0.498139  -0.505947  -0.516811  -0.530709  -0.547049  -0.564683  -0.582135  -0.597984  -0.611218  -0.621414  -0.628688  -0.633508  -0.636477  -0.638168  -0.639041  -0.639426  -0.639532  -0.639486  -0.639359  -0.639187  -0.638992  -0.638782  -0.638565  
-0.492207  -0.491775  -0.49134  -0.490904  -0.490469  -0.490035  -0.489603  -0.489174  -0.488753  -0.488348  -0.487984  -0.487711  -0.487627  -0.487907  -0.488834  -0.490819  -0.494399  -0.500172  -0.508677  -0.520204  -0.534601  -0.551153  -0.568653  -0.585655  -0.600846  -0.61336  -0.622894  -0.629639  -0.634081  -0.636803  -0.638345  -0.639136  -0.639476  -0.639559  -0.639502  -0.639368  -0.639192  -0.638994  -0.638783  -0.638565  
-0.492207  -0.491776  -0.491341  -0.490905  -0.490469  -0.490036  -0.489605  -0.489178  -0.488761  -0.488367  -0.488028  -0.487806  -0.487819  -0.488267  -0.489463  -0.491842  -0.495949  -0.50236  -0.511547  -0.523693  -0.538518  -0.555204  -0.572503  -0.589015  -0.603544  -0.615357  -0.624266  -0.630517  -0.634608  -0.637103  -0.63851  -0.639224  -0.639523  -0.639585  -0.639516  -0.639376  -0.639197  -0.638996  -0.638784  -0.638566  
-0.492208  -0.491777  -0.491341  -0.490906  -0.490471  -0.490037  -0.489607  -0.489182  -0.488772  -0.488393  -0.488086  -0.487927  -0.488054  -0.488695  -0.490187  -0.49299  -0.497645  -0.504697  -0.514544  -0.52726  -0.542444  -0.559189  -0.576226  -0.592217  -0.606083  -0.61722  -0.625536  -0.631328  -0.635095  -0.637382  -0.638663  -0.639307  -0.639568  -0.639609  -0.639529  -0.639383  -0.639201  -0.638998  -0.638785  -0.638566  
-0.492209  -0.491777  -0.491342  -0.490907  -0.490472  -0.490039  -0.48961  -0.489189  -0.488787  -0.488428  -0.488161  -0.488078  -0.488339  -0.489196  -0.491014  -0.494265  -0.499485  -0.507177  -0.517657  -0.53089  -0.546363  -0.563096  -0.579818  -0.595263  -0.60847  -0.618956  -0.626713  -0.632076  -0.635545  -0.637639  -0.638805  -0.639383  -0.639609  -0.639632  -0.639542  -0.63939  -0.639204  -0.639  -0.638786  -0.638566  
-0.492209  -0.491778  -0.491343  -0.490908  -0.490473  -0.490041  -0.489614  -0.489198  -0.488807  -0.488473  -0.488255  -0.488263  -0.488678  -0.489777  -0.491948  -0.495671  -0.501468  -0.509791  -0.520873  -0.534566  -0.550259  -0.566914  -0.583274  -0.598155  -0.610712  -0.620573  -0.627804  -0.632767  -0.63596  -0.637877  -0.638937  -0.639455  -0.639648  -0.639653  -0.639553  -0.639396  -0.639208  -0.639002  -0.638786  -0.638566  
-0.49221  -0.491779  -0.491344  -0.490909  -0.490474  -0.490043  -0.489619  -0.48921  -0.488835  -0.488532  -0.488374  -0.488488  -0.489077  -0.490444  -0.492993  -0.497209  -0.503591  -0.512533  -0.524178  -0.538274  -0.554119  -0.570635  -0.586593  -0.600896  -0.612816  -0.622079  -0.628813  -0.633406  -0.636343  -0.638097  -0.639059  -0.639522  -0.639684  -0.639673  -0.639564  -0.639402  -0.639211  -0.639003  -0.638787  -0.638566  
-0.49221  -0.49178  -0.491345  -0.49091  -0.490476  -0.490047  -0.489626  -0.489226  -0.488871  -0.488606  -0.48852  -0.488757  -0.489543  -0.491202  -0.494153  -0.498879  -0.505848  -0.515391  -0.527559  -0.542  -0.557931  -0.574251  -0.589773  -0.603492  -0.614788  -0.62348  -0.629749  -0.633996  -0.636697  -0.6383  -0.639173  -0.639584  -0.639718  -0.639691  -0.639574  -0.639408  -0.639214  -0.639005  -0.638788  -0.638567  
-0.492211  -0.491781  -0.491346  -0.490911  -0.490478  -0.490051  -0.489636  -0.489248  -0.488917  -0.4887  -0.488697  -0.489075  -0.49008  -0.492055  -0.495432  -0.500681  -0.508235  -0.518356  -0.531003  -0.545727  -0.561683  -0.577757  -0.592814  -0.605946  -0.616636  -0.624784  -0.630615  -0.634541  -0.637024  -0.638489  -0.639278  -0.639642  -0.639749  -0.639708  -0.639584  -0.639413  -0.639216  -0.639006  -0.638788  -0.638567  
-0.492211  -0.491781  -0.491347  -0.490913  -0.490481  -0.490057  -0.489649  -0.489276  -0.488976  -0.488815  -0.488911  -0.489447  -0.490693  -0.493009  -0.49683  -0.502613  -0.510746  -0.521418  -0.534495  -0.549444  -0.565364  -0.581147  -0.595717  -0.608263  -0.618366  -0.625997  -0.631418  -0.635045  -0.637326  -0.638664  -0.639376  -0.639696  -0.639779  -0.639724  -0.639592  -0.639417  -0.639219  -0.639007  -0.638789  -0.638567  
-0.492212  -0.491782  -0.491348  -0.490915  -0.490485  -0.490065  -0.489666  -0.489313  -0.489049  -0.488955  -0.489164  -0.489879  -0.491388  -0.494067  -0.498349  -0.504672  -0.513372  -0.524565  -0.538024  -0.553138  -0.568966  -0.584417  -0.598484  -0.610449  -0.619984  -0.627124  -0.632161  -0.635511  -0.637606  -0.638825  -0.639467  -0.639746  -0.639806  -0.639739  -0.639601  -0.639422  -0.639221  -0.639008  -0.638789  -0.638567  
-0.492212  -0.491783  -0.49135  -0.490917  -0.49049  -0.490076  -0.489689  -0.489359  -0.48914  -0.489125  -0.489462  -0.490375  -0.492169  -0.495231  -0.49999  -0.506855  -0.516108  -0.527785  -0.541575  -0.556796  -0.572482  -0.587566  -0.601116  -0.612508  -0.621497  -0.628173  -0.63285  -0.635942  -0.637864  -0.638975  -0.639551  -0.639792  -0.639832  -0.639753  -0.639608  -0.639426  -0.639223  -0.639009  -0.638789  -0.638567  
-0.492213  -0.491784  -0.491352  -0.49092  -0.490496  -0.490089  -0.489718  -0.489417  -0.489251  -0.489326  -0.489809  -0.49094  -0.493041  -0.496505  -0.501751  -0.509157  -0.518943  -0.531067  -0.545137  -0.560409  -0.575903  -0.590591  -0.603617  -0.614446  -0.62291  -0.629147  -0.633487  -0.63634  -0.638103  -0.639113  -0.639629  -0.639836  -0.639855  -0.639766  -0.639615  -0.639429  -0.639225  -0.63901  -0.63879  -0.638567  
-0.492214  -0.491786  -0.491354  -0.490924  -0.490505  -0.490107  -0.489754  -0.489489  -0.489386  -0.489564  -0.490209  -0.491578  -0.494006  -0.497889  -0.503633  -0.511573  -0.52187  -0.5344  -0.548696  -0.563966  -0.579226  -0.593493  -0.60599  -0.616269  -0.62423  -0.630052  -0.634078  -0.636709  -0.638324  -0.639242  -0.639702  -0.639876  -0.639877  -0.639778  -0.639622  -0.639433  -0.639226  -0.639011  -0.63879  -0.638567  
-0.492215  -0.491787  -0.491356  -0.49093  -0.490516  -0.49013  -0.4898  -0.489577  -0.489546  -0.489843  -0.490667  -0.492294  -0.495069  -0.499386  -0.505631  -0.514097  -0.524877  -0.537772  -0.552242  -0.567459  -0.582445  -0.59627  -0.608238  -0.617982  -0.625463  -0.630894  -0.634626  -0.63705  -0.638529  -0.63936  -0.639769  -0.639913  -0.639898  -0.639789  -0.639628  -0.639436  -0.639228  -0.639012  -0.63879  -0.638568  
-0.492215  -0.491789  -0.49136  -0.490937  -0.49053  -0.490159  -0.489857  -0.489684  -0.489736  -0.490165  -0.491187  -0.493091  -0.496231  -0.500996  -0.507745  -0.516723  -0.527956  -0.54117  -0.555764  -0.57088  -0.585557  -0.598925  -0.610366  -0.619589  -0.626613  -0.631675  -0.635133  -0.637366  -0.638718  -0.639471  -0.639832  -0.639948  -0.639917  -0.6398  -0.639633  -0.639439  -0.63923  -0.639012  -0.638791  -0.638568  
-0.492216  -0.491791  -0.491364  -0.490945  -0.490548  -0.490195  -0.489927  -0.489812  -0.48996  -0.490536  -0.491773  -0.493974  -0.497496  -0.502717  -0.509968  -0.519442  -0.531097  -0.544585  -0.559251  -0.574221  -0.588559  -0.601458  -0.612378  -0.621098  -0.627685  -0.632401  -0.635603  -0.637658  -0.638893  -0.639573  -0.639889  -0.63998  -0.639935  -0.63981  -0.639638  -0.639442  -0.639231  -0.639013  -0.638791  -0.638568  
-0.492218  -0.491794  -0.49137  -0.490957  -0.490571  -0.490241  -0.490012  -0.489964  -0.490219  -0.490959  -0.49243  -0.494945  -0.498863  -0.504549  -0.512298  -0.522249  -0.534289  -0.548004  -0.562695  -0.577477  -0.59145  -0.603872  -0.614277  -0.622512  -0.628685  -0.633075  -0.636038  -0.637928  -0.639056  -0.639667  -0.639943  -0.640011  -0.639952  -0.639819  -0.639643  -0.639444  -0.639232  -0.639013  -0.638791  -0.638568  
-0.492219  -0.491797  -0.491377  -0.490971  -0.4906  -0.490296  -0.490114  -0.490143  -0.490519  -0.491438  -0.49316  -0.496007  -0.500336  -0.506491  -0.51473  -0.525133  -0.537521  -0.551418  -0.566087  -0.580643  -0.594229  -0.606168  -0.616069  -0.623837  -0.629617  -0.633701  -0.636441  -0.638178  -0.639206  -0.639755  -0.639993  -0.640038  -0.639967  -0.639827  -0.639648  -0.639446  -0.639233  -0.639014  -0.638792  -0.638568  
-0.492221  -0.491802  -0.491386  -0.49099  -0.490636  -0.490363  -0.490235  -0.490351  -0.490862  -0.491977  -0.493968  -0.497163  -0.501913  -0.508539  -0.517256  -0.528086  -0.540784  -0.554817  -0.569418  -0.583715  -0.596895  -0.60835  -0.617758  -0.625078  -0.630486  -0.634283  -0.636815  -0.63841  -0.639345  -0.639836  -0.640039  -0.640064  -0.639981  -0.639835  -0.639652  -0.639449  -0.639234  -0.639014  -0.638792  -0.638568  
-0.492224  -0.491807  -0.491397  -0.491013  -0.49068  -0.490444  -0.490378  -0.490593  -0.491253  -0.49258  -0.494857  -0.498415  -0.503594  -0.51069  -0.519872  -0.531101  -0.544068  -0.55819  -0.572682  -0.586689  -0.599449  -0.610421  -0.619349  -0.626239  -0.631294  -0.634823  -0.637161  -0.638624  -0.639473  -0.639911  -0.640082  -0.640088  -0.639994  -0.639842  -0.639656  -0.639451  -0.639235  -0.639015  -0.638792  -0.638568  
-0.492227  -0.491815  -0.491412  -0.491041  -0.490734  -0.490541  -0.490546  -0.490872  -0.491694  -0.49325  -0.495829  -0.499763  -0.505379  -0.512942  -0.52257  -0.534167  -0.547361  -0.56153  -0.575874  -0.589563  -0.601891  -0.612384  -0.620845  -0.627326  -0.632048  -0.635324  -0.637482  -0.638823  -0.639593  -0.63998  -0.640122  -0.640111  -0.640007  -0.639849  -0.639659  -0.639453  -0.639236  -0.639015  -0.638792  -0.638568  
-0.492231  -0.491824  -0.49143  -0.491076  -0.490798  -0.490656  -0.490741  -0.491189  -0.49219  -0.49399  -0.496888  -0.50121  -0.507267  -0.515288  -0.525344  -0.537275  -0.550656  -0.564828  -0.578987  -0.592336  -0.604224  -0.614242  -0.622253  -0.628341  -0.632749  -0.635789  -0.63778  -0.639007  -0.639703  -0.640045  -0.640159  -0.640131  -0.640018  -0.639855  -0.639663  -0.639454  -0.639237  -0.639016  -0.638792  -0.638568  
-0.492236  -0.491835  -0.491453  -0.491119  -0.490876  -0.490791  -0.490966  -0.49155  -0.492744  -0.494804  -0.498034  -0.502754  -0.509254  -0.517725  -0.528185  -0.540416  -0.553943  -0.568075  -0.582016  -0.595005  -0.606448  -0.616001  -0.623575  -0.629291  -0.633402  -0.636221  -0.638055  -0.639177  -0.639805  -0.640105  -0.640193  -0.640151  -0.640029  -0.639861  -0.639666  -0.639456  -0.639238  -0.639016  -0.638792  -0.638568  
-0.492243  -0.49185  -0.491481  -0.49117  -0.490967  -0.490948  -0.491225  -0.491957  -0.493359  -0.495695  -0.499271  -0.504397  -0.511338  -0.520246  -0.531086  -0.543582  -0.557212  -0.571266  -0.584959  -0.597571  -0.608567  -0.617662  -0.624816  -0.630177  -0.63401  -0.636622  -0.638311  -0.639335  -0.639899  -0.64016  -0.640225  -0.640168  -0.640039  -0.639866  -0.639668  -0.639457  -0.639239  -0.639016  -0.638792  -0.638568  
-0.492251  -0.491867  -0.491514  -0.491232  -0.491076  -0.49113  -0.491519  -0.492414  -0.494038  -0.496665  -0.500598  -0.506136  -0.513517  -0.522847  -0.534038  -0.546762  -0.560456  -0.574395  -0.587812  -0.600033  -0.610582  -0.619231  -0.625981  -0.631006  -0.634576  -0.636994  -0.638547  -0.639481  -0.639987  -0.640211  -0.640254  -0.640185  -0.640048  -0.639871  -0.639671  -0.639459  -0.639239  -0.639017  -0.638793  -0.638568  
-0.492262  -0.491889  -0.491555  -0.491305  -0.491202  -0.49134  -0.491852  -0.492923  -0.494785  -0.497717  -0.502018  -0.507972  -0.515785  -0.52552  -0.537034  -0.549948  -0.563666  -0.577455  -0.590573  -0.602392  -0.612497  -0.620711  -0.627074  -0.631779  -0.635102  -0.63734  -0.638767  -0.639616  -0.640068  -0.640259  -0.640282  -0.6402  -0.640056  -0.639875  -0.639674  -0.63946  -0.63924  -0.639017  -0.638793  -0.638568  
-0.492274  -0.491916  -0.491605  -0.491392  -0.491349  -0.49158  -0.492228  -0.493488  -0.495602  -0.498851  -0.503531  -0.509902  -0.51814  -0.528259  -0.540066  -0.553132  -0.566835  -0.580442  -0.593239  -0.60465  -0.614315  -0.622106  -0.628098  -0.6325  -0.635591  -0.63766  -0.63897  -0.639741  -0.640143  -0.640303  -0.640307  -0.640215  -0.640064  -0.63988  -0.639676  -0.639461  -0.639241  -0.639017  -0.638793  -0.638568  
-0.49229  -0.491948  -0.491664  -0.491494  -0.491519  -0.491852  -0.492648  -0.494111  -0.496492  -0.500071  -0.505135  -0.511924  -0.520575  -0.531057  -0.543124  -0.556305  -0.569956  -0.583351  -0.59581  -0.606807  -0.616038  -0.62342  -0.629057  -0.633174  -0.636047  -0.637958  -0.639159  -0.639857  -0.640213  -0.640344  -0.64033  -0.640228  -0.640072  -0.639884  -0.639678  -0.639462  -0.639241  -0.639017  -0.638793  -0.638568  
-0.492309  -0.491987  -0.491733  -0.491613  -0.491714  -0.49216  -0.493116  -0.494797  -0.497457  -0.501377  -0.506832  -0.514035  -0.523087  -0.533907  -0.546201  -0.55946  -0.573024  -0.586179  -0.598285  -0.608866  -0.617669  -0.624656  -0.629956  -0.633802  -0.63647  -0.638234  -0.639333  -0.639965  -0.640278  -0.640382  -0.640352  -0.64024  -0.640078  -0.639887  -0.63968  -0.639463  -0.639242  -0.639018  -0.638793  -0.638568  
-0.492332  -0.492034  -0.491815  -0.49175  -0.491937  -0.492506  -0.493636  -0.495547  -0.498499  -0.50277  -0.508619  -0.516232  -0.525669  -0.536801  -0.549288  -0.562588  -0.576032  -0.588924  -0.600663  -0.610828  -0.619214  -0.625819  -0.630797  -0.634387  -0.636864  -0.63849  -0.639495  -0.640064  -0.640337  -0.640417  -0.640372  -0.640251  -0.640085  -0.639891  -0.639682  -0.639464  -0.639242  -0.639018  -0.638793  -0.638568  
-0.49236  -0.492089  -0.491911  -0.491909  -0.492189  -0.492893  -0.494209  -0.496364  -0.499621  -0.504251  -0.510495  -0.518511  -0.528315  -0.539732  -0.552377  -0.565683  -0.578975  -0.591583  -0.602946  -0.612696  -0.620673  -0.626912  -0.631584  -0.634933  -0.63723  -0.638728  -0.639646  -0.640157  -0.640393  -0.640449  -0.640391  -0.640262  -0.64009  -0.639894  -0.639683  -0.639465  -0.639242  -0.639018  -0.638793  -0.638568  
-0.492392  -0.492153  -0.492022  -0.49209  -0.492473  -0.493325  -0.494839  -0.497251  -0.500823  -0.505819  -0.512459  -0.520868  -0.531019  -0.542692  -0.555462  -0.568738  -0.58185  -0.594153  -0.605134  -0.614472  -0.622052  -0.627939  -0.63232  -0.635442  -0.63757  -0.638949  -0.639785  -0.640242  -0.640444  -0.640479  -0.640408  -0.640272  -0.640096  -0.639897  -0.639685  -0.639466  -0.639243  -0.639018  -0.638793  -0.638568  
-0.492431  -0.492229  -0.49215  -0.492296  -0.492793  -0.493802  -0.495528  -0.498209  -0.502107  -0.507474  -0.514507  -0.523298  -0.533775  -0.545674  -0.558533  -0.571747  -0.584651  -0.596635  -0.607229  -0.616159  -0.623354  -0.628904  -0.633008  -0.635916  -0.637887  -0.639154  -0.639914  -0.640322  -0.640492  -0.640507  -0.640424  -0.640281  -0.640101  -0.6399  -0.639686  -0.639466  -0.639243  -0.639018  -0.638793  -0.638568  
-0.492477  -0.492318  -0.492297  -0.492529  -0.49315  -0.494329  -0.496279  -0.499241  -0.503474  -0.509215  -0.516637  -0.525796  -0.536576  -0.548669  -0.561584  -0.574704  -0.587377  -0.599027  -0.60923  -0.61776  -0.624582  -0.629809  -0.633651  -0.636358  -0.638181  -0.639344  -0.640034  -0.640395  -0.640536  -0.640533  -0.640439  -0.640289  -0.640105  -0.639902  -0.639688  -0.639467  -0.639243  -0.639019  -0.638793  -0.638568  
-0.492531  -0.49242  -0.492465  -0.492792  -0.493547  -0.494908  -0.497094  -0.500348  -0.504923  -0.511041  -0.518846  -0.528357  -0.539414  -0.551672  -0.564609  -0.577604  -0.590024  -0.601329  -0.611141  -0.619278  -0.625739  -0.630657  -0.634252  -0.63677  -0.638454  -0.639521  -0.640145  -0.640463  -0.640577  -0.640557  -0.640453  -0.640297  -0.64011  -0.639904  -0.639689  -0.639468  -0.639244  -0.639019  -0.638793  -0.638568  
-0.492593  -0.492537  -0.492655  -0.493087  -0.493987  -0.495542  -0.497975  -0.501532  -0.506456  -0.51295  -0.52113  -0.530975  -0.542284  -0.554673  -0.5676  -0.580443  -0.592591  -0.603541  -0.612963  -0.620716  -0.626829  -0.631453  -0.634813  -0.637153  -0.638709  -0.639685  -0.640248  -0.640526  -0.640614  -0.640579  -0.640466  -0.640304  -0.640114  -0.639907  -0.63969  -0.639468  -0.639244  -0.639019  -0.638794  -0.638568  
-0.492665  -0.492671  -0.492871  -0.493416  -0.494471  -0.496232  -0.498925  -0.502794  -0.508071  -0.514939  -0.523484  -0.533644  -0.545178  -0.557667  -0.570553  -0.583217  -0.595075  -0.605664  -0.614699  -0.622077  -0.627854  -0.632199  -0.635337  -0.63751  -0.638945  -0.639837  -0.640343  -0.640585  -0.640649  -0.6406  -0.640478  -0.640311  -0.640118  -0.639909  -0.639691  -0.639469  -0.639244  -0.639019  -0.638794  -0.638568  
-0.492747  -0.492824  -0.493113  -0.493782  -0.495004  -0.496982  -0.499945  -0.504134  -0.509768  -0.517008  -0.525905  -0.536359  -0.548089  -0.560646  -0.57346  -0.585922  -0.597475  -0.607699  -0.616351  -0.623364  -0.62882  -0.632898  -0.635826  -0.637842  -0.639164  -0.639978  -0.640432  -0.640639  -0.640682  -0.640619  -0.640489  -0.640317  -0.640121  -0.63991  -0.639692  -0.639469  -0.639245  -0.639019  -0.638794  -0.638568  
-0.492842  -0.492997  -0.493384  -0.494187  -0.495587  -0.497794  -0.501038  -0.505553  -0.511546  -0.519152  -0.528387  -0.539112  -0.55101  -0.563604  -0.576318  -0.588554  -0.599791  -0.609647  -0.61792  -0.624579  -0.629727  -0.633552  -0.636283  -0.638152  -0.639368  -0.640109  -0.640514  -0.640689  -0.640712  -0.640637  -0.640499  -0.640323  -0.640124  -0.639912  -0.639693  -0.63947  -0.639245  -0.639019  -0.638794  -0.638568  
-0.492949  -0.493192  -0.493687  -0.494633  -0.496222  -0.498669  -0.502203  -0.507051  -0.513403  -0.521368  -0.530926  -0.541898  -0.553934  -0.566535  -0.579121  -0.591113  -0.602022  -0.611509  -0.619411  -0.625728  -0.63058  -0.634164  -0.636709  -0.63844  -0.639558  -0.64023  -0.64059  -0.640736  -0.64074  -0.640653  -0.640508  -0.640328  -0.640127  -0.639914  -0.639694  -0.63947  -0.639245  -0.639019  -0.638794  -0.638568  
-0.49307  -0.493411  -0.494023  -0.495123  -0.496912  -0.499609  -0.503442  -0.508628  -0.515338  -0.523652  -0.533515  -0.544711  -0.556855  -0.569433  -0.581865  -0.593595  -0.604168  -0.613287  -0.620826  -0.626811  -0.63138  -0.634737  -0.637107  -0.638708  -0.639734  -0.640343  -0.64066  -0.640779  -0.640766  -0.640668  -0.640517  -0.640333  -0.64013  -0.639915  -0.639695  -0.639471  -0.639245  -0.639019  -0.638794  -0.638568  
-0.493207  -0.493655  -0.494394  -0.495659  -0.49766  -0.500617  -0.504756  -0.510284  -0.517349  -0.526001  -0.53615  -0.547542  -0.559766  -0.572292  -0.584547  -0.595999  -0.606231  -0.614983  -0.622167  -0.627832  -0.632132  -0.635273  -0.637478  -0.638958  -0.639898  -0.640448  -0.640726  -0.640819  -0.64079  -0.640682  -0.640525  -0.640338  -0.640132  -0.639917  -0.639695  -0.639471  -0.639245  -0.639019  -0.638794  -0.638568  
-0.49336  -0.493927  -0.494803  -0.496243  -0.498466  -0.501693  -0.506146  -0.512017  -0.519432  -0.52841  -0.538825  -0.550387  -0.562661  -0.575108  -0.587164  -0.598325  -0.608209  -0.6166  -0.623437  -0.628795  -0.632838  -0.635774  -0.637824  -0.63919  -0.64005  -0.640545  -0.640787  -0.640856  -0.640812  -0.640695  -0.640532  -0.640342  -0.640135  -0.639918  -0.639696  -0.639471  -0.639246  -0.63902  -0.638794  -0.638568  
-0.493532  -0.494229  -0.495252  -0.496878  -0.499333  -0.50284  -0.507611  -0.513826  -0.521585  -0.530874  -0.541533  -0.553239  -0.565534  -0.577875  -0.589712  -0.60057  -0.610106  -0.618138  -0.624639  -0.629702  -0.6335  -0.636243  -0.638146  -0.639406  -0.640191  -0.640635  -0.640843  -0.64089  -0.640833  -0.640707  -0.64054  -0.640346  -0.640137  -0.639919  -0.639697  -0.639472  -0.639246  -0.63902  -0.638794  -0.638569  
-0.493722  -0.494561  -0.495744  -0.497566  -0.500263  -0.504057  -0.509152  -0.515709  -0.523804  -0.53339  -0.544269  -0.556092  -0.568379  -0.580589  -0.592189  -0.602735  -0.611921  -0.619601  -0.625776  -0.630555  -0.63412  -0.636681  -0.638447  -0.639608  -0.640322  -0.640719  -0.640895  -0.640922  -0.640852  -0.640719  -0.640546  -0.64035  -0.640139  -0.63992  -0.639697  -0.639472  -0.639246  -0.63902  -0.638794  -0.638569  
-0.493933  -0.494928  -0.496279  -0.498309  -0.501258  -0.505346  -0.510768  -0.517665  -0.526086  -0.53595  -0.547027  -0.558938  -0.571192  -0.583247  -0.594594  -0.60482  -0.613657  -0.620992  -0.62685  -0.631358  -0.634702  -0.63709  -0.638728  -0.639795  -0.640444  -0.640797  -0.640943  -0.640952  -0.640869  -0.640729  -0.640552  -0.640353  -0.640141  -0.639921  -0.639698  -0.639472  -0.639246  -0.63902  -0.638794  -0.638569  
-0.494166  -0.495329  -0.496861  -0.499108  -0.502318  -0.506707  -0.512458  -0.519691  -0.528427  -0.538551  -0.549801  -0.561773  -0.573966  -0.585846  -0.596925  -0.606826  -0.615315  -0.622312  -0.627865  -0.632113  -0.635247  -0.637473  -0.638989  -0.639969  -0.640558  -0.640869  -0.640988  -0.640979  -0.640886  -0.640739  -0.640557  -0.640356  -0.640143  -0.639922  -0.639698  -0.639472  -0.639246  -0.63902  -0.638794  -0.638569  
-0.494423  -0.495767  -0.497491  -0.499966  -0.503445  -0.50814  -0.514221  -0.521785  -0.530823  -0.541187  -0.552585  -0.564591  -0.576697  -0.588381  -0.599181  -0.608752  -0.616897  -0.623564  -0.628822  -0.632823  -0.635757  -0.63783  -0.639232  -0.640131  -0.640663  -0.640936  -0.64103  -0.641005  -0.640901  -0.640747  -0.640563  -0.640359  -0.640144  -0.639923  -0.639699  -0.639473  -0.639246  -0.63902  -0.638794  -0.638569  
-0.494704  -0.496245  -0.498172  -0.500884  -0.50464  -0.509646  -0.516056  -0.523943  -0.533268  -0.543852  -0.555372  -0.567386  -0.579381  -0.590852  -0.601361  -0.6106  -0.618404  -0.624751  -0.629726  -0.633489  -0.636235  -0.638164  -0.639459  -0.640282  -0.640761  -0.640998  -0.641069  -0.641028  -0.640915  -0.640756  -0.640567  -0.640362  -0.640146  -0.639924  -0.639699  -0.639473  -0.639246  -0.63902  -0.638794  -0.638569  
-0.49501  -0.496763  -0.498904  -0.501863  -0.505904  -0.511224  -0.51796  -0.526163  -0.53576  -0.546541  -0.558158  -0.570152  -0.582015  -0.593254  -0.603465  -0.612371  -0.61984  -0.625875  -0.630578  -0.634115  -0.636683  -0.638475  -0.639671  -0.640422  -0.640852  -0.641055  -0.641105  -0.64105  -0.640928  -0.640763  -0.640572  -0.640364  -0.640147  -0.639925  -0.639699  -0.639473  -0.639246  -0.63902  -0.638794  -0.638569  
-0.495345  -0.497324  -0.499691  -0.502906  -0.507236  -0.512873  -0.519933  -0.52844  -0.538292  -0.549248  -0.560936  -0.572886  -0.584593  -0.595588  -0.605493  -0.614065  -0.621206  -0.626938  -0.63138  -0.634703  -0.637102  -0.638766  -0.639867  -0.640552  -0.640936  -0.641109  -0.641138  -0.64107  -0.64094  -0.640771  -0.640576  -0.640366  -0.640148  -0.639925  -0.6397  -0.639473  -0.639246  -0.63902  -0.638794  -0.638569  
-0.495708  -0.49793  -0.500533  -0.504012  -0.508639  -0.514592  -0.521971  -0.530771  -0.54086  -0.551967  -0.5637  -0.575581  -0.587115  -0.597851  -0.607444  -0.615686  -0.622504  -0.627945  -0.632136  -0.635255  -0.637493  -0.639037  -0.640051  -0.640673  -0.641014  -0.641159  -0.641169  -0.641089  -0.640952  -0.640777  -0.64058  -0.640369  -0.640149  -0.639926  -0.6397  -0.639473  -0.639247  -0.63902  -0.638794  -0.638569  
-0.4961  -0.498581  -0.501432  -0.505184  -0.510111  -0.516381  -0.524072  -0.533152  -0.543458  -0.554693  -0.566446  -0.578235  -0.589575  -0.600042  -0.609321  -0.617234  -0.623737  -0.628896  -0.632847  -0.635772  -0.63786  -0.63929  -0.640222  -0.640786  -0.641087  -0.641205  -0.641197  -0.641107  -0.640962  -0.640783  -0.640583  -0.640371  -0.640151  -0.639926  -0.6397  -0.639474  -0.639247  -0.63902  -0.638794  -0.638569  
-0.496524  -0.49928  -0.50239  -0.506421  -0.511651  -0.518237  -0.526233  -0.535578  -0.546082  -0.557421  -0.569168  -0.580843  -0.591974  -0.602161  -0.611122  -0.618711  -0.624908  -0.629794  -0.633517  -0.636257  -0.638202  -0.639526  -0.640381  -0.640891  -0.641155  -0.641248  -0.641224  -0.641123  -0.640972  -0.640789  -0.640586  -0.640372  -0.640152  -0.639927  -0.639701  -0.639474  -0.639247  -0.63902  -0.638794  -0.638569  
-0.49698  -0.500029  -0.503407  -0.507724  -0.513261  -0.520159  -0.52845  -0.538046  -0.548725  -0.560144  -0.571862  -0.583402  -0.594307  -0.604207  -0.61285  -0.620119  -0.626018  -0.630642  -0.634146  -0.636712  -0.638523  -0.639747  -0.640529  -0.640988  -0.641218  -0.641287  -0.641248  -0.641138  -0.640981  -0.640794  -0.640589  -0.640374  -0.640153  -0.639928  -0.639701  -0.639474  -0.639247  -0.63902  -0.638794  -0.638569  
-0.49747  -0.500827  -0.504485  -0.509094  -0.514938  -0.522144  -0.53072  -0.540549  -0.551384  -0.562857  -0.574523  -0.585907  -0.596574  -0.606181  -0.614506  -0.621461  -0.62707  -0.631442  -0.634738  -0.637138  -0.638822  -0.639952  -0.640667  -0.641079  -0.641276  -0.641324  -0.641271  -0.641152  -0.640989  -0.640799  -0.640592  -0.640376  -0.640153  -0.639928  -0.639701  -0.639474  -0.639247  -0.63902  -0.638794  -0.638569  
-0.497994  -0.501677  -0.505625  -0.510531  -0.516682  -0.524191  -0.53304  -0.543085  -0.554051  -0.565556  -0.577146  -0.588357  -0.598774  -0.608082  -0.61609  -0.622737  -0.628066  -0.632197  -0.635294  -0.637537  -0.639102  -0.640144  -0.640796  -0.641163  -0.64133  -0.641358  -0.641292  -0.641165  -0.640997  -0.640804  -0.640595  -0.640377  -0.640154  -0.639928  -0.639701  -0.639474  -0.639247  -0.63902  -0.638794  -0.638569  
-0.498553  -0.50258  -0.506826  -0.512034  -0.518492  -0.526296  -0.535405  -0.545647  -0.556723  -0.568235  -0.579728  -0.590748  -0.600905  -0.609911  -0.617606  -0.623951  -0.629008  -0.632908  -0.635816  -0.637911  -0.639364  -0.640323  -0.640915  -0.641242  -0.641381  -0.64139  -0.641312  -0.641177  -0.641004  -0.640808  -0.640597  -0.640379  -0.640155  -0.639929  -0.639702  -0.639474  -0.639247  -0.63902  -0.638794  -0.638569  
-0.499149  -0.503537  -0.50809  -0.513602  -0.520365  -0.528457  -0.537811  -0.54823  -0.559394  -0.57089  -0.582265  -0.59308  -0.602966  -0.611668  -0.619053  -0.625104  -0.6299  -0.633578  -0.636307  -0.638262  -0.639608  -0.640489  -0.641026  -0.641315  -0.641428  -0.64142  -0.64133  -0.641188  -0.64101  -0.640812  -0.6406  -0.64038  -0.640156  -0.639929  -0.639702  -0.639474  -0.639247  -0.63902  -0.638794  -0.638569  
-0.499783  -0.504549  -0.509417  -0.515236  -0.5223  -0.53067  -0.540255  -0.550831  -0.562058  -0.573516  -0.584754  -0.595349  -0.604958  -0.613355  -0.620434  -0.6262  -0.630743  -0.634209  -0.636767  -0.638589  -0.639836  -0.640645  -0.64113  -0.641383  -0.641471  -0.641447  -0.641347  -0.641198  -0.641016  -0.640815  -0.640602  -0.640381  -0.640156  -0.63993  -0.639702  -0.639474  -0.639247  -0.63902  -0.638794  -0.638569  
-0.500454  -0.505615  -0.510807  -0.516934  -0.524294  -0.532931  -0.54273  -0.553443  -0.564712  -0.576109  -0.587191  -0.597554  -0.606881  -0.614973  -0.621751  -0.627238  -0.631539  -0.634803  -0.637199  -0.638896  -0.640049  -0.64079  -0.641227  -0.641446  -0.641511  -0.641472  -0.641363  -0.641207  -0.641022  -0.640819  -0.640604  -0.640382  -0.640157  -0.63993  -0.639702  -0.639475  -0.639247  -0.63902  -0.638794  -0.638569  
-0.501163  -0.506737  -0.512259  -0.518695  -0.526345  -0.535238  -0.545234  -0.556062  -0.567349  -0.578665  -0.589574  -0.599694  -0.608734  -0.616523  -0.623005  -0.628223  -0.632291  -0.635362  -0.637604  -0.639183  -0.640248  -0.640925  -0.641317  -0.641504  -0.641549  -0.641496  -0.641378  -0.641216  -0.641027  -0.640822  -0.640605  -0.640383  -0.640157  -0.63993  -0.639702  -0.639475  -0.639247  -0.63902  -0.638794  -0.638569  
-0.501912  -0.507916  -0.513774  -0.520517  -0.528451  -0.537586  -0.547761  -0.558682  -0.569966  -0.58118  -0.591901  -0.601768  -0.610518  -0.618006  -0.624199  -0.629157  -0.633  -0.635887  -0.637984  -0.639452  -0.640434  -0.64105  -0.6414  -0.641559  -0.641584  -0.641518  -0.641391  -0.641225  -0.641032  -0.640825  -0.640607  -0.640384  -0.640158  -0.63993  -0.639703  -0.639475  -0.639247  -0.63902  -0.638794  -0.638569  
-0.502701  -0.50915  -0.51535  -0.522399  -0.530608  -0.539972  -0.550306  -0.561299  -0.572558  -0.583651  -0.59417  -0.603776  -0.612234  -0.619424  -0.625335  -0.630041  -0.63367  -0.636381  -0.63834  -0.639703  -0.640607  -0.641168  -0.641478  -0.641609  -0.641616  -0.641538  -0.641404  -0.641232  -0.641037  -0.640827  -0.640608  -0.640385  -0.640158  -0.639931  -0.639703  -0.639475  -0.639247  -0.63902  -0.638794  -0.638569  
-0.503529  -0.510441  -0.516987  -0.524338  -0.532813  -0.54239  -0.552865  -0.563909  -0.57512  -0.586075  -0.596379  -0.605717  -0.613882  -0.620779  -0.626415  -0.630877  -0.634301  -0.636846  -0.638674  -0.639938  -0.640769  -0.641277  -0.64155  -0.641656  -0.641646  -0.641557  -0.641415  -0.641239  -0.641041  -0.64083  -0.64061  -0.640386  -0.640159  -0.639931  -0.639703  -0.639475  -0.639247  -0.63902  -0.638794  -0.638569  
-0.504397  -0.511787  -0.518683  -0.526333  -0.535063  -0.544838  -0.555433  -0.566505  -0.57765  -0.588448  -0.598526  -0.607591  -0.615463  -0.622071  -0.62744  -0.631668  -0.634895  -0.637282  -0.638987  -0.640158  -0.64092  -0.641379  -0.641618  -0.6417  -0.641674  -0.641575  -0.641426  -0.641246  -0.641045  -0.640832  -0.640611  -0.640386  -0.640159  -0.639931  -0.639703  -0.639475  -0.639247  -0.63902  -0.638794  -0.638569  
-0.505305  -0.513189  -0.520438  -0.52838  -0.537355  -0.54731  -0.558005  -0.569085  -0.580142  -0.590769  -0.60061  -0.609399  -0.616979  -0.623304  -0.628413  -0.632415  -0.635455  -0.637692  -0.63928  -0.640363  -0.641061  -0.641474  -0.64168  -0.641741  -0.6417  -0.641591  -0.641436  -0.641252  -0.641049  -0.640834  -0.640612  -0.640387  -0.64016  -0.639931  -0.639703  -0.639475  -0.639247  -0.63902  -0.638794  -0.638569  
-0.506254  -0.514645  -0.522248  -0.530478  -0.539683  -0.549802  -0.560576  -0.571643  -0.582595  -0.593036  -0.602631  -0.61114  -0.618432  -0.624478  -0.629336  -0.633122  -0.635983  -0.638076  -0.639555  -0.640555  -0.641192  -0.641562  -0.641739  -0.641779  -0.641724  -0.641606  -0.641445  -0.641257  -0.641052  -0.640836  -0.640614  -0.640388  -0.64016  -0.639932  -0.639703  -0.639475  -0.639247  -0.63902  -0.638794  -0.638569  
-0.507241  -0.516155  -0.524114  -0.532623  -0.542046  -0.552309  -0.563143  -0.574175  -0.585004  -0.595246  -0.604588  -0.612816  -0.619821  -0.625596  -0.630211  -0.633789  -0.636479  -0.638437  -0.639812  -0.640734  -0.641315  -0.641644  -0.641793  -0.641814  -0.641747  -0.64162  -0.641454  -0.641263  -0.641055  -0.640838  -0.640615  -0.640388  -0.64016  -0.639932  -0.639703  -0.639475  -0.639247  -0.63902  -0.638794  -0.638569  
-0.508269  -0.517717  -0.526032  -0.534812  -0.544438  -0.554828  -0.5657  -0.576679  -0.587367  -0.597398  -0.606481  -0.614426  -0.621149  -0.62666  -0.63104  -0.634418  -0.636946  -0.638776  -0.640053  -0.640902  -0.64143  -0.641721  -0.641843  -0.641846  -0.641767  -0.641633  -0.641462  -0.641268  -0.641058  -0.64084  -0.640616  -0.640389  -0.640161  -0.639932  -0.639703  -0.639475  -0.639247  -0.63902  -0.638794  -0.638569  
-0.509335  -0.519331  -0.528  -0.537042  -0.546855  -0.557353  -0.568242  -0.579148  -0.589681  -0.59949  -0.608309  -0.615973  -0.622418  -0.627671  -0.631824  -0.635012  -0.637385  -0.639094  -0.640278  -0.641058  -0.641536  -0.641793  -0.64189  -0.641877  -0.641787  -0.641645  -0.641469  -0.641272  -0.641061  -0.640841  -0.640616  -0.640389  -0.640161  -0.639932  -0.639703  -0.639475  -0.639247  -0.63902  -0.638794  -0.638569  
-0.510439  -0.520995  -0.530015  -0.539308  -0.549294  -0.559879  -0.570767  -0.581582  -0.591943  -0.601522  -0.610074  -0.617456  -0.623628  -0.628631  -0.632567  -0.635573  -0.637798  -0.639392  -0.640489  -0.641205  -0.641636  -0.641859  -0.641934  -0.641905  -0.641805  -0.641656  -0.641476  -0.641276  -0.641063  -0.640843  -0.640617  -0.64039  -0.640161  -0.639932  -0.639703  -0.639475  -0.639247  -0.63902  -0.638794  -0.638569  
-0.51158  -0.522707  -0.532076  -0.541609  -0.551749  -0.562404  -0.57327  -0.583975  -0.594153  -0.603493  -0.611774  -0.618878  -0.624783  -0.629543  -0.633269  -0.636101  -0.638187  -0.639672  -0.640686  -0.641341  -0.641729  -0.641921  -0.641975  -0.641931  -0.641821  -0.641667  -0.641483  -0.64128  -0.641065  -0.640844  -0.640618  -0.64039  -0.640161  -0.639932  -0.639704  -0.639475  -0.639247  -0.63902  -0.638794  -0.638569  
-0.512757  -0.524465  -0.534179  -0.543939  -0.554217  -0.564921  -0.575746  -0.586326  -0.596308  -0.605401  -0.613411  -0.620239  -0.625883  -0.630408  -0.633933  -0.636598  -0.638551  -0.639934  -0.640871  -0.641469  -0.641815  -0.641979  -0.642013  -0.641956  -0.641837  -0.641676  -0.641489  -0.641284  -0.641068  -0.640845  -0.640619  -0.640391  -0.640162  -0.639933  -0.639704  -0.639475  -0.639247  -0.63902  -0.638794  -0.638569  
-0.51397  -0.526267  -0.53632  -0.546295  -0.556694  -0.567427  -0.578193  -0.588631  -0.598406  -0.607248  -0.614985  -0.621542  -0.62693  -0.631229  -0.63456  -0.637067  -0.638894  -0.640179  -0.641043  -0.641588  -0.641896  -0.642033  -0.642048  -0.641978  -0.641851  -0.641685  -0.641494  -0.641287  -0.64107  -0.640846  -0.640619  -0.640391  -0.640162  -0.639933  -0.639704  -0.639475  -0.639247  -0.63902  -0.638794  -0.638569  
-0.515217  -0.528111  -0.538497  -0.548673  -0.559174  -0.569918  -0.580606  -0.590889  -0.600447  -0.609033  -0.616498  -0.622787  -0.627927  -0.632006  -0.635152  -0.637508  -0.639216  -0.640409  -0.641205  -0.641699  -0.641971  -0.642083  -0.642081  -0.641999  -0.641865  -0.641694  -0.641499  -0.64129  -0.641071  -0.640847  -0.64062  -0.640391  -0.640162  -0.639933  -0.639704  -0.639475  -0.639247  -0.63902  -0.638794  -0.638569  
-0.516496  -0.529994  -0.540706  -0.551068  -0.561654  -0.57239  -0.582983  -0.593097  -0.602429  -0.610756  -0.61795  -0.623976  -0.628874  -0.632743  -0.635712  -0.637923  -0.639518  -0.640625  -0.641355  -0.641803  -0.642041  -0.642129  -0.642111  -0.642019  -0.641877  -0.641701  -0.641504  -0.641293  -0.641073  -0.640848  -0.640621  -0.640392  -0.640162  -0.639933  -0.639704  -0.639475  -0.639247  -0.63902  -0.638794  -0.638569  
-0.517806  -0.531914  -0.542944  -0.553478  -0.56413  -0.574839  -0.585321  -0.595252  -0.604351  -0.612417  -0.619343  -0.62511  -0.629775  -0.63344  -0.636239  -0.638314  -0.639802  -0.640827  -0.641496  -0.6419  -0.642107  -0.642173  -0.64214  -0.642037  -0.641888  -0.641708  -0.641508  -0.641295  -0.641075  -0.640849  -0.640621  -0.640392  -0.640162  -0.639933  -0.639704  -0.639475  -0.639247  -0.63902  -0.638794  -0.638569  
-0.519146  -0.533867  -0.545208  -0.555896  -0.566597  -0.577261  -0.587616  -0.597355  -0.606215  -0.614017  -0.620677  -0.626192  -0.63063  -0.6341  -0.636737  -0.638681  -0.640068  -0.641016  -0.641628  -0.64199  -0.642168  -0.642213  -0.642166  -0.642054  -0.641899  -0.641715  -0.641512  -0.641298  -0.641076  -0.64085  -0.640622  -0.640392  -0.640163  -0.639933  -0.639704  -0.639475  -0.639247  -0.63902  -0.638794  -0.638569  
-0.520513  -0.535852  -0.547492  -0.558321  -0.569052  -0.579653  -0.589867  -0.599402  -0.608018  -0.615557  -0.621954  -0.627223  -0.631441  -0.634724  -0.637206  -0.639027  -0.640317  -0.641193  -0.641752  -0.642074  -0.642225  -0.642251  -0.64219  -0.64207  -0.641909  -0.641721  -0.641516  -0.6413  -0.641077  -0.640851  -0.640622  -0.640393  -0.640163  -0.639933  -0.639704  -0.639475  -0.639247  -0.63902  -0.638794  -0.638569  
-0.521905  -0.537864  -0.549794  -0.560747  -0.57149  -0.582012  -0.592071  -0.601394  -0.609761  -0.617037  -0.623176  -0.628205  -0.632211  -0.635313  -0.637648  -0.639352  -0.640551  -0.641359  -0.641867  -0.642153  -0.642278  -0.642286  -0.642213  -0.642085  -0.641918  -0.641727  -0.64152  -0.641302  -0.641079  -0.640852  -0.640622  -0.640393  -0.640163  -0.639933  -0.639704  -0.639475  -0.639247  -0.63902  -0.638794  -0.638569  
-0.523322  -0.539902  -0.55211  -0.56317  -0.573907  -0.584335  -0.594226  -0.603329  -0.611444  -0.618459  -0.624343  -0.62914  -0.632941  -0.635871  -0.638065  -0.639657  -0.640771  -0.641514  -0.641975  -0.642227  -0.642327  -0.642318  -0.642235  -0.642098  -0.641927  -0.641732  -0.641523  -0.641304  -0.64108  -0.640852  -0.640623  -0.640393  -0.640163  -0.639933  -0.639704  -0.639475  -0.639247  -0.63902  -0.638794  -0.638569  
-0.52476  -0.54196  -0.554435  -0.565587  -0.576301  -0.586618  -0.596331  -0.605206  -0.613068  -0.619823  -0.625458  -0.630028  -0.633632  -0.636397  -0.638457  -0.639944  -0.640977  -0.641659  -0.642075  -0.642295  -0.642373  -0.642349  -0.642254  -0.642111  -0.641935  -0.641737  -0.641526  -0.641306  -0.641081  -0.640853  -0.640623  -0.640393  -0.640163  -0.639933  -0.639704  -0.639475  -0.639247  -0.63902  -0.638794  -0.638569  
-0.526217  -0.544037  -0.556767  -0.567993  -0.578668  -0.58886  -0.598383  -0.607025  -0.614633  -0.621131  -0.626522  -0.630873  -0.634287  -0.636894  -0.638826  -0.640214  -0.64117  -0.641795  -0.642169  -0.642359  -0.642416  -0.642377  -0.642273  -0.642123  -0.641942  -0.641742  -0.641529  -0.641308  -0.641082  -0.640853  -0.640624  -0.640393  -0.640163  -0.639933  -0.639704  -0.639475  -0.639247  -0.63902  -0.638794  -0.638569  
-0.527692  -0.546129  -0.5591  -0.570385  -0.581005  -0.591058  -0.600382  -0.608787  -0.616139  -0.622383  -0.627537  -0.631675  -0.634907  -0.637363  -0.639174  -0.640467  -0.641351  -0.641922  -0.642257  -0.642419  -0.642456  -0.642403  -0.64229  -0.642134  -0.641949  -0.641746  -0.641531  -0.641309  -0.641083  -0.640854  -0.640624  -0.640394  -0.640163  -0.639933  -0.639704  -0.639475  -0.639247  -0.63902  -0.638794  -0.638569  
-0.529181  -0.548232  -0.561432  -0.572759  -0.583307  -0.59321  -0.602326  -0.61049  -0.617588  -0.623582  -0.628504  -0.632436  -0.635493  -0.637805  -0.639501  -0.640704  -0.64152  -0.64204  -0.642339  -0.642475  -0.642493  -0.642428  -0.642306  -0.642144  -0.641955  -0.64175  -0.641534  -0.641311  -0.641084  -0.640855  -0.640624  -0.640394  -0.640163  -0.639933  -0.639704  -0.639475  -0.639247  -0.63902  -0.638794  -0.638569  
-0.530683  -0.550343  -0.563759  -0.575112  -0.585574  -0.595314  -0.604216  -0.612135  -0.61898  -0.624729  -0.629425  -0.633158  -0.636048  -0.638222  -0.639809  -0.640927  -0.641679  -0.642152  -0.642416  -0.642527  -0.642528  -0.642451  -0.64232  -0.642153  -0.641961  -0.641754  -0.641536  -0.641312  -0.641084  -0.640855  -0.640624  -0.640394  -0.640163  -0.639933  -0.639704  -0.639475  -0.639247  -0.63902  -0.638794  -0.638569  
-0.532194  -0.552458  -0.566076  -0.57744  -0.587802  -0.597368  -0.606049  -0.613723  -0.620316  -0.625824  -0.630301  -0.633843  -0.636572  -0.638615  -0.640098  -0.641136  -0.641828  -0.642256  -0.642487  -0.642575  -0.64256  -0.642472  -0.642334  -0.642162  -0.641967  -0.641757  -0.641538  -0.641313  -0.641085  -0.640855  -0.640625  -0.640394  -0.640163  -0.639933  -0.639704  -0.639475  -0.639247  -0.63902  -0.638794  -0.638569  
-0.533714  -0.554575  -0.568381  -0.57974  -0.589988  -0.599371  -0.607827  -0.615253  -0.621598  -0.62687  -0.631134  -0.634493  -0.637067  -0.638985  -0.64037  -0.641332  -0.641967  -0.642353  -0.642554  -0.64262  -0.64259  -0.642492  -0.642347  -0.64217  -0.641972  -0.64176  -0.64154  -0.641315  -0.641086  -0.640856  -0.640625  -0.640394  -0.640163  -0.639933  -0.639704  -0.639475  -0.639247  -0.63902  -0.638794  -0.638569  
-0.535238  -0.556689  -0.57067  -0.582009  -0.592131  -0.601323  -0.609548  -0.616727  -0.622827  -0.627868  -0.631927  -0.635108  -0.637535  -0.639334  -0.640626  -0.641517  -0.642097  -0.642444  -0.642616  -0.642662  -0.642618  -0.64251  -0.642359  -0.642178  -0.641977  -0.641763  -0.641542  -0.641316  -0.641087  -0.640856  -0.640625  -0.640394  -0.640164  -0.639933  -0.639704  -0.639475  -0.639247  -0.63902  -0.638794  -0.638569  
-0.536765  -0.558797  -0.572939  -0.584244  -0.594229  -0.603221  -0.611212  -0.618146  -0.624003  -0.62882  -0.632679  -0.63569  -0.637976  -0.639663  -0.640866  -0.641689  -0.642219  -0.642528  -0.642674  -0.642702  -0.642644  -0.642527  -0.64237  -0.642185  -0.641981  -0.641766  -0.641544  -0.641317  -0.641087  -0.640857  -0.640625  -0.640394  -0.640164  -0.639934  -0.639704  -0.639475  -0.639247  -0.63902  -0.638794  -0.638569  
-0.538293  -0.560897  -0.575185  -0.586444  -0.59628  -0.605066  -0.612821  -0.619509  -0.625129  -0.629727  -0.633394  -0.636241  -0.638393  -0.639973  -0.641092  -0.641851  -0.642334  -0.642608  -0.642729  -0.642738  -0.642668  -0.642543  -0.64238  -0.642191  -0.641985  -0.641769  -0.641545  -0.641318  -0.641088  -0.640857  -0.640626  -0.640394  -0.640164  -0.639934  -0.639704  -0.639475  -0.639247  -0.63902  -0.638794  -0.638569  
-0.539818  -0.562984  -0.577406  -0.588604  -0.598282  -0.606856  -0.614373  -0.620818  -0.626205  -0.630591  -0.634072  -0.636762  -0.638787  -0.640264  -0.641304  -0.642003  -0.64244  -0.642682  -0.642779  -0.642772  -0.642691  -0.642558  -0.64239  -0.642197  -0.641989  -0.641771  -0.641546  -0.641318  -0.641088  -0.640857  -0.640626  -0.640395  -0.640164  -0.639934  -0.639704  -0.639475  -0.639247  -0.63902  -0.638794  -0.638569  
-0.541339  -0.565057  -0.579597  -0.590724  -0.600235  -0.608592  -0.61587  -0.622075  -0.627233  -0.631413  -0.634715  -0.637256  -0.639157  -0.640538  -0.641503  -0.642145  -0.642541  -0.642751  -0.642827  -0.642804  -0.642712  -0.642572  -0.642398  -0.642203  -0.641993  -0.641773  -0.641548  -0.641319  -0.641089  -0.640857  -0.640626  -0.640395  -0.640164  -0.639934  -0.639704  -0.639475  -0.639247  -0.63902  -0.638794  -0.638569  
-0.542853  -0.567111  -0.581758  -0.5928  -0.602136  -0.610273  -0.617313  -0.62328  -0.628215  -0.632195  -0.635325  -0.637722  -0.639507  -0.640796  -0.64169  -0.642279  -0.642634  -0.642816  -0.642871  -0.642834  -0.642732  -0.642585  -0.642407  -0.642208  -0.641996  -0.641775  -0.641549  -0.64132  -0.641089  -0.640858  -0.640626  -0.640395  -0.640164  -0.639934  -0.639704  -0.639475  -0.639247  -0.63902  -0.638794  -0.638569  
-0.544358  -0.569144  -0.583885  -0.594832  -0.603986  -0.611899  -0.618701  -0.624434  -0.629152  -0.632939  -0.635902  -0.638162  -0.639837  -0.641038  -0.641866  -0.642404  -0.642722  -0.642877  -0.642912  -0.642861  -0.64275  -0.642597  -0.642414  -0.642213  -0.641999  -0.641777  -0.64155  -0.641321  -0.641089  -0.640858  -0.640626  -0.640395  -0.640164  -0.639934  -0.639704  -0.639475  -0.639247  -0.63902  -0.638794  -0.638569  
-0.545851  -0.571154  -0.585975  -0.596818  -0.605783  -0.613471  -0.620036  -0.625539  -0.630045  -0.633645  -0.63645  -0.638578  -0.640147  -0.641266  -0.64203  -0.642521  -0.642804  -0.642933  -0.642951  -0.642887  -0.642767  -0.642608  -0.642422  -0.642217  -0.642002  -0.641779  -0.641551  -0.641321  -0.64109  -0.640858  -0.640626  -0.640395  -0.640164  -0.639934  -0.639704  -0.639475  -0.639247  -0.63902  -0.638794  -0.638569  
-0.547331  -0.573138  -0.588027  -0.598756  -0.607528  -0.614988  -0.621319  -0.626596  -0.630896  -0.634316  -0.636968  -0.638971  -0.64044  -0.641481  -0.642185  -0.64263  -0.64288  -0.642986  -0.642986  -0.642911  -0.642783  -0.642618  -0.642428  -0.642222  -0.642004  -0.64178  -0.641552  -0.641322  -0.64109  -0.640858  -0.640626  -0.640395  -0.640164  -0.639934  -0.639704  -0.639475  -0.639247  -0.63902  -0.638794  -0.638569  
-0.548796  -0.575092  -0.590039  -0.600646  -0.609219  -0.616451  -0.62255  -0.627607  -0.631707  -0.634952  -0.637458  -0.639342  -0.640715  -0.641682  -0.64233  -0.642733  -0.642952  -0.643036  -0.64302  -0.642934  -0.642798  -0.642628  -0.642434  -0.642226  -0.642007  -0.641782  -0.641553  -0.641322  -0.641091  -0.640859  -0.640626  -0.640395  -0.640164  -0.639934  -0.639704  -0.639475  -0.639247  -0.63902  -0.638794  -0.638569  
-0.550243  -0.577016  -0.592009  -0.602486  -0.610857  -0.617862  -0.623731  -0.628572  -0.632478  -0.635556  -0.637922  -0.639691  -0.640975  -0.641871  -0.642466  -0.642829  -0.643019  -0.643082  -0.643051  -0.642955  -0.642812  -0.642637  -0.64244  -0.642229  -0.642009  -0.641783  -0.641554  -0.641323  -0.641091  -0.640859  -0.640627  -0.640395  -0.640164  -0.639934  -0.639704  -0.639475  -0.639247  -0.63902  -0.638794  -0.638569  
-0.551672  -0.578907  -0.593935  -0.604275  -0.612442  -0.61922  -0.624864  -0.629494  -0.633212  -0.636129  -0.638361  -0.640021  -0.641219  -0.642049  -0.642593  -0.642919  -0.643082  -0.643125  -0.64308  -0.642974  -0.642824  -0.642645  -0.642445  -0.642233  -0.642011  -0.641785  -0.641555  -0.641323  -0.641091  -0.640859  -0.640627  -0.640395  -0.640164  -0.639934  -0.639704  -0.639475  -0.639247  -0.63902  -0.638794  -0.638569  
-0.553079  -0.580763  -0.595817  -0.606014  -0.613974  -0.620526  -0.625948  -0.630373  -0.63391  -0.636672  -0.638775  -0.640333  -0.641449  -0.642216  -0.642713  -0.643004  -0.643141  -0.643165  -0.643107  -0.642992  -0.642836  -0.642653  -0.64245  -0.642236  -0.642013  -0.641786  -0.641555  -0.641324  -0.641091  -0.640859  -0.640627  -0.640395  -0.640164  -0.639934  -0.639704  -0.639475  -0.639247  -0.63902  -0.638794  -0.638569  
-0.554464  -0.582583  -0.597652  -0.607701  -0.615453  -0.621781  -0.626986  -0.631211  -0.634573  -0.637186  -0.639167  -0.640626  -0.641665  -0.642373  -0.642825  -0.643082  -0.643195  -0.643202  -0.643133  -0.643009  -0.642847  -0.64266  -0.642455  -0.642239  -0.642015  -0.641787  -0.641556  -0.641324  -0.641092  -0.640859  -0.640627  -0.640395  -0.640164  -0.639934  -0.639704  -0.639475  -0.639247  -0.63902  -0.638794  -0.638569  
-0.555825  -0.584364  -0.59944  -0.609337  -0.61688  -0.622987  -0.627978  -0.63201  -0.635203  -0.637673  -0.639537  -0.640902  -0.641868  -0.64252  -0.64293  -0.643156  -0.643247  -0.643237  -0.643157  -0.643025  -0.642858  -0.642667  -0.642459  -0.642241  -0.642017  -0.641788  -0.641557  -0.641325  -0.641092  -0.640859  -0.640627  -0.640395  -0.640164  -0.639934  -0.639704  -0.639475  -0.639247  -0.63902  -0.638794  -0.638569  
-0.55716  -0.586106  -0.60118  -0.610921  -0.618255  -0.624144  -0.628927  -0.632771  -0.635801  -0.638134  -0.639886  -0.641163  -0.642059  -0.642658  -0.643028  -0.643225  -0.643294  -0.64327  -0.643179  -0.64304  -0.642867  -0.642673  -0.642463  -0.642244  -0.642018  -0.641789  -0.641557  -0.641325  -0.641092  -0.640859  -0.640627  -0.640395  -0.640164  -0.639934  -0.639704  -0.639475  -0.639247  -0.63902  -0.638794  -0.638569  
-0.55847  -0.587807  -0.602871  -0.612453  -0.61958  -0.625253  -0.629833  -0.633495  -0.636368  -0.638571  -0.640216  -0.641408  -0.642239  -0.642788  -0.64312  -0.64329  -0.643339  -0.643301  -0.643199  -0.643053  -0.642876  -0.642679  -0.642467  -0.642246  -0.64202  -0.64179  -0.641558  -0.641325  -0.641092  -0.640859  -0.640627  -0.640395  -0.640164  -0.639934  -0.639704  -0.639475  -0.639247  -0.63902  -0.638794  -0.638569  
-0.559751  -0.589467  -0.604514  -0.613934  -0.620854  -0.626316  -0.630698  -0.634184  -0.636906  -0.638983  -0.640528  -0.641639  -0.642408  -0.642909  -0.643207  -0.643351  -0.643381  -0.643329  -0.643218  -0.643066  -0.642885  -0.642684  -0.64247  -0.642248  -0.642021  -0.641791  -0.641558  -0.641326  -0.641092  -0.64086  -0.640627  -0.640395  -0.640164  -0.639934  -0.639704  -0.639475  -0.639247  -0.63902  -0.638794  -0.638569  
-0.561004  -0.591084  -0.606107  -0.615364  -0.622079  -0.627334  -0.631523  -0.634838  -0.637416  -0.639374  -0.640821  -0.641857  -0.642567  -0.643024  -0.643288  -0.643407  -0.64342  -0.643356  -0.643236  -0.643078  -0.642893  -0.642689  -0.642474  -0.64225  -0.642022  -0.641791  -0.641559  -0.641326  -0.641092  -0.64086  -0.640627  -0.640395  -0.640164  -0.639934  -0.639704  -0.639475  -0.639247  -0.63902  -0.638794  -0.638569  
-0.562228  -0.592657  -0.607652  -0.616744  -0.623256  -0.628307  -0.632309  -0.635461  -0.637899  -0.639742  -0.641098  -0.642062  -0.642716  -0.643131  -0.643363  -0.64346  -0.643457  -0.643381  -0.643253  -0.643089  -0.6429  -0.642694  -0.642477  -0.642252  -0.642024  -0.641792  -0.641559  -0.641326  -0.641093  -0.64086  -0.640627  -0.640395  -0.640164  -0.639934  -0.639704  -0.639475  -0.639247  -0.63902  -0.638794  -0.638569  
-0.563421  -0.594187  -0.609146  -0.618073  -0.624385  -0.629238  -0.633059  -0.636052  -0.638357  -0.640091  -0.641359  -0.642254  -0.642856  -0.643231  -0.643435  -0.64351  -0.643491  -0.643404  -0.643268  -0.643099  -0.642907  -0.642698  -0.642479  -0.642254  -0.642025  -0.641793  -0.64156  -0.641326  -0.641093  -0.64086  -0.640627  -0.640395  -0.640164  -0.639934  -0.639704  -0.639475  -0.639247  -0.63902  -0.638794  -0.638569  
-0.564583  -0.595673  -0.610592  -0.619354  -0.625468  -0.630128  -0.633773  -0.636613  -0.638791  -0.64042  -0.641605  -0.642436  -0.642987  -0.643325  -0.643501  -0.643556  -0.643523  -0.643425  -0.643283  -0.643109  -0.642913  -0.642702  -0.642482  -0.642256  -0.642026  -0.641793  -0.64156  -0.641326  -0.641093  -0.64086  -0.640627  -0.640395  -0.640164  -0.639934  -0.639704  -0.639475  -0.639247  -0.63902  -0.638794  -0.638569  
-0.565715  -0.597114  -0.611989  -0.620586  -0.626507  -0.630977  -0.634452  -0.637146  -0.639201  -0.640731  -0.641837  -0.642606  -0.643111  -0.643414  -0.643563  -0.643599  -0.643552  -0.643446  -0.643296  -0.643118  -0.642919  -0.642706  -0.642484  -0.642257  -0.642026  -0.641794  -0.64156  -0.641327  -0.641093  -0.64086  -0.640627  -0.640395  -0.640164  -0.639934  -0.639704  -0.639475  -0.639247  -0.63902  -0.638794  -0.638569  
-0.566814  -0.59851  -0.613337  -0.62177  -0.627501  -0.631788  -0.635098  -0.637651  -0.639589  -0.641025  -0.642056  -0.642766  -0.643227  -0.643496  -0.643622  -0.64364  -0.64358  -0.643465  -0.643309  -0.643126  -0.642924  -0.642709  -0.642487  -0.642259  -0.642027  -0.641795  -0.641561  -0.641327  -0.641093  -0.64086  -0.640627  -0.640395  -0.640164  -0.639934  -0.639704  -0.639475  -0.639247  -0.63902  -0.638794  -0.638569  
-0.567882  -0.599862  -0.614637  -0.622908  -0.628452  -0.632561  -0.635713  -0.638131  -0.639957  -0.641302  -0.642262  -0.642917  -0.643336  -0.643574  -0.643676  -0.643678  -0.643606  -0.643482  -0.643321  -0.643134  -0.642929  -0.642713  -0.642489  -0.64226  -0.642028  -0.641795  -0.641561  -0.641327  -0.641093  -0.64086  -0.640627  -0.640395  -0.640164  -0.639934  -0.639704  -0.639475  -0.639247  -0.63902  -0.638794  -0.638569  
-0.568918  -0.60117  -0.61589  -0.624001  -0.629362  -0.633298  -0.636297  -0.638585  -0.640304  -0.641563  -0.642456  -0.643059  -0.643438  -0.643647  -0.643727  -0.643713  -0.64363  -0.643499  -0.643332  -0.643141  -0.642934  -0.642716  -0.642491  -0.642261  -0.642029  -0.641795  -0.641561  -0.641327  -0.641093  -0.64086  -0.640627  -0.640395  -0.640164  -0.639934  -0.639704  -0.639475  -0.639247  -0.63902  -0.638794  -0.638569  
-0.569921  -0.602433  -0.617096  -0.625048  -0.630232  -0.634  -0.636851  -0.639015  -0.640632  -0.64181  -0.642638  -0.643192  -0.643534  -0.643715  -0.643775  -0.643746  -0.643653  -0.643514  -0.643342  -0.643148  -0.642938  -0.642718  -0.642492  -0.642262  -0.64203  -0.641796  -0.641562  -0.641327  -0.641093  -0.64086  -0.640627  -0.640395  -0.640164  -0.639934  -0.639704  -0.639475  -0.639247  -0.63902  -0.638794  -0.638569  
