40  151 9.4 10.2 1.5 0.02 0.01
-0.793273  -0.79166  -0.790056  -0.788461  -0.786876  -0.785299  -0.783732  -0.782173  -0.780624  -0.779083  -0.777551  -0.776027  -0.774512  -0.773006  -0.771508  -0.770018  -0.768537  -0.767063  -0.765598  -0.764141  -0.762692  -0.761251  -0.759818  -0.758393  -0.756975  -0.755565  -0.754162  -0.752767  -0.75138  -0.75  -0.998643  -0.997294  -0.995953  -0.994618  -0.993291  -0.991971  -0.990659  -0.989353  -0.988054  -0.986763  
-0.793274  -0.791661  -0.790057  -0.788463  -0.786877  -0.785301  -0.783733  -0.782175  -0.780625  -0.779084  -0.777552  -0.776029  -0.774514  -0.773007  -0.771509  -0.77002  -0.768538  -0.767065  -0.7656  -0.764143  -0.762694  -0.761253  -0.759819  -0.758394  -0.756976  -0.755566  -0.754164  -0.752769  -0.751381  -0.842033  -0.962618  -0.997296  -0.995954  -0.99462  -0.993293  -0.991973  -0.99066  -0.989354  -0.988056  -0.987263  
-0.793276  -0.791663  -0.790059  -0.788464  -0.786879  -0.785302  -0.783735  -0.782176  -0.780627  -0.779086  -0.777554  -0.77603  -0.774515  -0.773009  -0.771511  -0.770021  -0.76854  -0.767066  -0.765601  -0.764144  -0.762695  -0.761254  -0.759821  -0.758395  -0.756978  -0.755568  -0.754165  -0.75277  -0.784295  -0.873204  -0.959253  -0.992586  -0.995955  -0.994621  -0.993294  -0.991974  -0.990661  -0.989356  -0.98825  -0.987503  
-0.793277  -0.791664  -0.79006  -0.788466  -0.78688  -0.785304  -0.783736  -0.782178  -0.780628  -0.779087  -0.777555  -0.776032  -0.774517  -0.77301  -0.771512  -0.770023  -0.768541  -0.767068  -0.765603  -0.764146  -0.762697  -0.761256  -0.759822  -0.758397  -0.756979  -0.755569  -0.754166  -0.764406  -0.811781  -0.892331  -0.960364  -0.989846  -0.995348  -0.994622  -0.993295  -0.991975  -0.990663  -0.989432  -0.988438  -0.987644  
-0.793278  -0.791666  -0.790062  -0.788467  -0.786882  -0.785305  -0.783738  -0.782179  -0.78063  -0.779089  -0.777557  -0.776033  -0.774518  -0.773012  -0.771514  -0.770024  -0.768543  -0.767069  -0.765604  -0.764147  -0.762698  -0.761257  -0.759824  -0.758398  -0.75698  -0.75557  -0.75826  -0.779925  -0.834116  -0.906316  -0.962592  -0.988427  -0.994699  -0.994545  -0.993297  -0.991977  -0.990693  -0.989541  -0.988592  -0.987737  
-0.793279  -0.791667  -0.790064  -0.788469  -0.786883  -0.785307  -0.783739  -0.782181  -0.780631  -0.779091  -0.777558  -0.776035  -0.77452  -0.773013  -0.771515  -0.770025  -0.768544  -0.767071  -0.765606  -0.764149  -0.762699  -0.761258  -0.759825  -0.758399  -0.756982  -0.757008  -0.765755  -0.796227  -0.852656  -0.91735  -0.965105  -0.987783  -0.994169  -0.994424  -0.993288  -0.991989  -0.99075  -0.989658  -0.988717  -0.987802  
-0.79328  -0.791669  -0.790065  -0.788471  -0.786885  -0.785308  -0.783741  -0.782183  -0.780633  -0.779092  -0.77756  -0.776036  -0.774521  -0.773015  -0.771517  -0.770027  -0.768546  -0.767072  -0.765607  -0.76415  -0.762701  -0.76126  -0.759826  -0.758401  -0.757486  -0.76035  -0.775454  -0.812125  -0.868354  -0.926434  -0.967622  -0.9876  -0.993782  -0.994294  -0.993273  -0.992016  -0.990824  -0.98977  -0.988817  -0.987849  
-0.793281  -0.79167  -0.790067  -0.788472  -0.786887  -0.78531  -0.783743  -0.782184  -0.780634  -0.779094  -0.777561  -0.776038  -0.774523  -0.773016  -0.771518  -0.770028  -0.768547  -0.767074  -0.765608  -0.764151  -0.762702  -0.761261  -0.759828  -0.758578  -0.758907  -0.765493  -0.786424  -0.827166  -0.881851  -0.934112  -0.970033  -0.987696  -0.993519  -0.994174  -0.993259  -0.992056  -0.990907  -0.989873  -0.988899  -0.987885  
-0.793283  -0.791672  -0.790068  -0.788474  -0.786888  -0.785312  -0.783744  -0.782186  -0.780636  -0.779095  -0.777563  -0.776039  -0.774524  -0.773018  -0.77152  -0.77003  -0.768548  -0.767075  -0.76561  -0.764153  -0.762704  -0.761263  -0.759891  -0.759163  -0.76144  -0.772128  -0.798022  -0.841192  -0.893596  -0.94072  -0.972296  -0.98796  -0.993358  -0.994077  -0.993252  -0.992106  -0.990992  -0.989964  -0.988965  -0.987913  
-0.793284  -0.791673  -0.79007  -0.788475  -0.78689  -0.785313  -0.783746  -0.782187  -0.780637  -0.779097  -0.777564  -0.776041  -0.774526  -0.773019  -0.771521  -0.770031  -0.76855  -0.767076  -0.765611  -0.764154  -0.762705  -0.761285  -0.760127  -0.760349  -0.765114  -0.77991  -0.809821  -0.854179  -0.90391  -0.946478  -0.974401  -0.988326  -0.993277  -0.994006  -0.993255  -0.992161  -0.991075  -0.990045  -0.98902  -0.987935  
-0.793285  -0.791675  -0.790071  -0.788477  -0.786891  -0.785315  -0.783747  -0.782189  -0.780639  -0.779098  -0.777566  -0.776042  -0.774527  -0.773021  -0.771523  -0.770033  -0.768551  -0.767078  -0.765613  -0.764156  -0.762714  -0.761379  -0.760661  -0.762259  -0.769855  -0.788523  -0.821536  -0.866156  -0.913031  -0.951543  -0.976346  -0.98875  -0.993258  -0.993963  -0.993269  -0.992221  -0.991154  -0.990117  -0.989066  -0.987953  
-0.793286  -0.791676  -0.790073  -0.788478  -0.786893  -0.785316  -0.783749  -0.78219  -0.78064  -0.7791  -0.777567  -0.776044  -0.774529  -0.773022  -0.771524  -0.770034  -0.768553  -0.767079  -0.765614  -0.76416  -0.762752  -0.761614  -0.761609  -0.76495  -0.775537  -0.797696  -0.832984  -0.877179  -0.921145  -0.956031  -0.978138  -0.989204  -0.993286  -0.993945  -0.993293  -0.992282  -0.991227  -0.990179  -0.989104  -0.987968  
-0.793287  -0.791677  -0.790074  -0.78848  -0.786894  -0.785318  -0.78375  -0.782192  -0.780642  -0.779101  -0.777569  -0.776045  -0.77453  -0.773024  -0.771526  -0.770036  -0.768554  -0.767081  -0.765617  -0.764175  -0.762852  -0.762067  -0.763055  -0.768425  -0.782012  -0.80721  -0.844045  -0.887312  -0.928396  -0.960029  -0.979787  -0.989672  -0.993353  -0.993949  -0.993326  -0.992343  -0.991294  -0.990233  -0.989136  -0.98798  
-0.793288  -0.791679  -0.790076  -0.788481  -0.786896  -0.785319  -0.783752  -0.782193  -0.780644  -0.779103  -0.77757  -0.776047  -0.774532  -0.773025  -0.771527  -0.770037  -0.768556  -0.767083  -0.765623  -0.764218  -0.763063  -0.762812  -0.765059  -0.772648  -0.789131  -0.816887  -0.854645  -0.896621  -0.934901  -0.963607  -0.981304  -0.990141  -0.993447  -0.993972  -0.993366  -0.992403  -0.991356  -0.990281  -0.989164  -0.98799  
-0.793288  -0.79168  -0.790077  -0.788483  -0.786897  -0.785321  -0.783753  -0.782195  -0.780645  -0.779104  -0.777572  -0.776048  -0.774533  -0.773027  -0.771528  -0.770039  -0.768557  -0.767086  -0.765642  -0.764314  -0.763434  -0.763914  -0.767647  -0.77756  -0.796753  -0.826585  -0.86474  -0.90517  -0.940754  -0.966822  -0.982699  -0.990604  -0.993563  -0.994011  -0.993412  -0.992461  -0.991412  -0.990322  -0.989187  -0.987998  
-0.793289  -0.791681  -0.790079  -0.788485  -0.786899  -0.785322  -0.783755  -0.782196  -0.780647  -0.779106  -0.777573  -0.77605  -0.774535  -0.773028  -0.77153  -0.77004  -0.768559  -0.767094  -0.765685  -0.764494  -0.764017  -0.765423  -0.770825  -0.783087  -0.804745  -0.836195  -0.874309  -0.913021  -0.946036  -0.96972  -0.983983  -0.991055  -0.993694  -0.994062  -0.993461  -0.992516  -0.991463  -0.990359  -0.989207  -0.988005  
-0.79329  -0.791683  -0.79008  -0.788486  -0.786901  -0.785324  -0.783756  -0.782198  -0.780648  -0.779107  -0.777575  -0.776051  -0.774536  -0.77303  -0.771531  -0.770042  -0.768564  -0.767114  -0.76577  -0.764793  -0.764861  -0.767374  -0.774577  -0.789149  -0.812993  -0.845631  -0.883345  -0.92023  -0.950812  -0.972338  -0.985165  -0.991493  -0.993836  -0.994123  -0.993513  -0.992569  -0.991508  -0.990391  -0.989224  -0.988011  
-0.793291  -0.791684  -0.790082  -0.788488  -0.786902  -0.785326  -0.783758  -0.782199  -0.78065  -0.779109  -0.777576  -0.776053  -0.774538  -0.773031  -0.771533  -0.770044  -0.768573  -0.767154  -0.76592  -0.765249  -0.766008  -0.769786  -0.778874  -0.79566  -0.821393  -0.854827  -0.891851  -0.926851  -0.95514  -0.974711  -0.986254  -0.991915  -0.993985  -0.994191  -0.993567  -0.992619  -0.99155  -0.990418  -0.989239  -0.988016  
-0.793292  -0.791685  -0.790083  -0.788489  -0.786904  -0.785327  -0.783759  -0.782201  -0.780651  -0.77911  -0.777578  -0.776054  -0.774539  -0.773033  -0.771535  -0.770049  -0.768592  -0.767227  -0.766159  -0.765898  -0.76749  -0.772668  -0.783675  -0.802538  -0.829856  -0.863735  -0.899837  -0.932932  -0.959069  -0.976866  -0.987259  -0.99232  -0.994139  -0.994264  -0.993621  -0.992666  -0.991587  -0.990443  -0.989251  -0.988021  
-0.793293  -0.791687  -0.790085  -0.788491  -0.786905  -0.785329  -0.783761  -0.782202  -0.780653  -0.779112  -0.777579  -0.776056  -0.774541  -0.773034  -0.771538  -0.770058  -0.768627  -0.76735  -0.766516  -0.766775  -0.769334  -0.776013  -0.788933  -0.809705  -0.838307  -0.872319  -0.90732  -0.938519  -0.962641  -0.978826  -0.988187  -0.992706  -0.994294  -0.994341  -0.993675  -0.99271  -0.99162  -0.990465  -0.989262  -0.988025  
-0.793294  -0.791688  -0.790086  -0.788492  -0.786907  -0.78533  -0.783763  -0.782204  -0.780654  -0.779113  -0.777581  -0.776057  -0.774542  -0.773036  -0.771542  -0.770076  -0.768689  -0.767541  -0.767017  -0.767909  -0.771557  -0.779808  -0.794596  -0.817086  -0.846681  -0.880555  -0.914319  -0.943651  -0.965893  -0.980613  -0.989044  -0.993074  -0.994449  -0.994418  -0.993728  -0.992752  -0.991651  -0.990484  -0.989272  -0.988028  
-0.793295  -0.791689  -0.790088  -0.788494  -0.786908  -0.785332  -0.783764  -0.782205  -0.780656  -0.779115  -0.777582  -0.776059  -0.774544  -0.773039  -0.771551  -0.770107  -0.768789  -0.767819  -0.767691  -0.769326  -0.774165  -0.784029  -0.80061  -0.824612  -0.854925  -0.888428  -0.920856  -0.948368  -0.968859  -0.982245  -0.989837  -0.993424  -0.994601  -0.994497  -0.993779  -0.99279  -0.991678  -0.990501  -0.98928  -0.988031  
-0.793296  -0.791691  -0.790089  -0.788495  -0.78691  -0.785333  -0.783766  -0.782207  -0.780657  -0.779116  -0.777584  -0.77606  -0.774546  -0.773044  -0.771567  -0.770158  -0.76894  -0.768208  -0.768563  -0.771046  -0.777161  -0.78865  -0.80692  -0.832221  -0.862994  -0.895928  -0.926952  -0.952704  -0.971566  -0.983736  -0.990571  -0.993756  -0.994751  -0.994574  -0.99383  -0.992826  -0.991703  -0.990516  -0.989288  -0.988033  
-0.793297  -0.791692  -0.790091  -0.788497  -0.786911  -0.785335  -0.783767  -0.782208  -0.780659  -0.779118  -0.777585  -0.776062  -0.774549  -0.773052  -0.771593  -0.770238  -0.769159  -0.768729  -0.769657  -0.773083  -0.780538  -0.793637  -0.813471  -0.839855  -0.870854  -0.903052  -0.932631  -0.956691  -0.97404  -0.985102  -0.99125  -0.99407  -0.994897  -0.994651  -0.993878  -0.99286  -0.991726  -0.990529  -0.989294  -0.988035  
-0.793298  -0.791693  -0.790092  -0.788498  -0.786913  -0.785336  -0.783769  -0.78221  -0.78066  -0.779119  -0.777587  -0.776064  -0.774553  -0.773066  -0.771635  -0.770359  -0.769461  -0.769402  -0.770992  -0.775447  -0.784284  -0.798952  -0.820212  -0.847466  -0.878475  -0.909803  -0.937917  -0.960358  -0.976303  -0.986354  -0.991879  -0.994367  -0.995037  -0.994725  -0.993924  -0.992891  -0.991746  -0.990541  -0.9893  -0.988037  
-0.793299  -0.791695  -0.790094  -0.7885  -0.786914  -0.785338  -0.78377  -0.782211  -0.780662  -0.779121  -0.777589  -0.776067  -0.774561  -0.773088  -0.7717  -0.77053  -0.769864  -0.770249  -0.772585  -0.778141  -0.788382  -0.80456  -0.827092  -0.855008  -0.885837  -0.916185  -0.942833  -0.963731  -0.978375  -0.987503  -0.992463  -0.994647  -0.995173  -0.994797  -0.993968  -0.99292  -0.991764  -0.990551  -0.989305  -0.988039  
-0.7933  -0.791696  -0.790095  -0.788501  -0.786916  -0.785339  -0.783772  -0.782213  -0.780663  -0.779122  -0.777591  -0.776071  -0.774572  -0.773122  -0.771795  -0.770765  -0.770386  -0.771288  -0.77445  -0.781164  -0.792812  -0.810418  -0.834063  -0.862444  -0.892922  -0.922207  -0.947402  -0.966836  -0.980275  -0.988559  -0.993004  -0.994911  -0.995303  -0.994867  -0.99401  -0.992947  -0.991781  -0.990561  -0.989309  -0.98804  
-0.793301  -0.791697  -0.790097  -0.788503  -0.786917  -0.785341  -0.783773  -0.782214  -0.780665  -0.779124  -0.777594  -0.776078  -0.774591  -0.773175  -0.77193  -0.771079  -0.771044  -0.772536  -0.776595  -0.784511  -0.79755  -0.816489  -0.841083  -0.869741  -0.899721  -0.92788  -0.951646  -0.969693  -0.982017  -0.98953  -0.993506  -0.995159  -0.995427  -0.994933  -0.99405  -0.992972  -0.991796  -0.990569  -0.989313  -0.988042  
-0.793301  -0.791698  -0.790098  -0.788504  -0.786919  -0.785342  -0.783775  -0.782216  -0.780666  -0.779126  -0.777597  -0.776088  -0.774619  -0.77325  -0.772114  -0.771484  -0.771854  -0.774007  -0.779027  -0.788172  -0.802567  -0.822732  -0.84811  -0.876871  -0.906226  -0.933214  -0.955585  -0.972325  -0.983617  -0.990423  -0.993972  -0.995392  -0.995544  -0.994997  -0.994087  -0.992995  -0.99181  -0.990577  -0.989317  -0.988043  
-0.793302  -0.7917  -0.790099  -0.788506  -0.78692  -0.785344  -0.783776  -0.782218  -0.780668  -0.779129  -0.777603  -0.776103  -0.774661  -0.773356  -0.772358  -0.771996  -0.772833  -0.775713  -0.781747  -0.792134  -0.807836  -0.829108  -0.855107  -0.88381  -0.912433  -0.938223  -0.959241  -0.974748  -0.985087  -0.991246  -0.994404  -0.995612  -0.995656  -0.995058  -0.994122  -0.993016  -0.991823  -0.990584  -0.98932  -0.988044  
-0.793303  -0.791701  -0.790101  -0.788507  -0.786922  -0.785345  -0.783778  -0.782219  -0.78067  -0.779132  -0.777612  -0.776126  -0.774721  -0.7735  -0.772674  -0.77263  -0.773993  -0.777664  -0.784753  -0.796382  -0.813327  -0.835581  -0.862041  -0.890541  -0.918343  -0.942921  -0.962632  -0.976981  -0.986438  -0.992005  -0.994805  -0.995817  -0.995762  -0.995115  -0.994156  -0.993036  -0.991834  -0.99059  -0.989323  -0.988045  
-0.793304  -0.791702  -0.790102  -0.788509  -0.786923  -0.785347  -0.783779  -0.782221  -0.780673  -0.779137  -0.777625  -0.77616  -0.774805  -0.773691  -0.773074  -0.773398  -0.77535  -0.779866  -0.788041  -0.800896  -0.819008  -0.842115  -0.868883  -0.897048  -0.923959  -0.947322  -0.965776  -0.979039  -0.987681  -0.992704  -0.995178  -0.99601  -0.995863  -0.99517  -0.994187  -0.993054  -0.991845  -0.990595  -0.989325  -0.988045  
-0.793305  -0.791704  -0.790104  -0.78851  -0.786925  -0.785348  -0.783781  -0.782223  -0.780676  -0.779145  -0.777644  -0.776208  -0.774918  -0.773938  -0.77357  -0.774315  -0.776912  -0.782322  -0.791604  -0.805656  -0.824848  -0.848675  -0.875607  -0.903321  -0.929283  -0.951441  -0.968691  -0.980937  -0.988825  -0.993349  -0.995524  -0.99619  -0.995957  -0.995221  -0.994216  -0.993071  -0.991855  -0.9906  -0.989327  -0.988046  
-0.793306  -0.791705  -0.790105  -0.788512  -0.786926  -0.78535  -0.783783  -0.782225  -0.78068  -0.779156  -0.777671  -0.776274  -0.775067  -0.77425  -0.774174  -0.775392  -0.778689  -0.785034  -0.795431  -0.810638  -0.830818  -0.855232  -0.882191  -0.909352  -0.934323  -0.955293  -0.971393  -0.982687  -0.989879  -0.993945  -0.995845  -0.996359  -0.996046  -0.995269  -0.994243  -0.993087  -0.991863  -0.990605  -0.989329  -0.988047  
-0.793307  -0.791706  -0.790107  -0.788513  -0.786928  -0.785352  -0.783785  -0.782228  -0.780687  -0.779171  -0.777709  -0.776362  -0.77526  -0.774639  -0.774897  -0.776641  -0.780688  -0.788  -0.799509  -0.815821  -0.836885  -0.861756  -0.888614  -0.915135  -0.939087  -0.958891  -0.973897  -0.984301  -0.990849  -0.994496  -0.996143  -0.996516  -0.99613  -0.995315  -0.994269  -0.993102  -0.991871  -0.990609  -0.989331  -0.988047  
-0.793308  -0.791707  -0.790108  -0.788515  -0.786929  -0.785353  -0.783787  -0.782232  -0.780696  -0.779193  -0.777761  -0.77648  -0.775505  -0.775114  -0.775753  -0.778072  -0.782913  -0.791217  -0.803823  -0.821177  -0.843022  -0.868221  -0.894862  -0.920668  -0.943582  -0.962251  -0.976217  -0.98579  -0.991745  -0.995004  -0.99642  -0.996664  -0.996208  -0.995358  -0.994293  -0.993115  -0.991879  -0.990613  -0.989333  -0.988048  
-0.793309  -0.791709  -0.790109  -0.788516  -0.786931  -0.785355  -0.78379  -0.782238  -0.780708  -0.779223  -0.777831  -0.776631  -0.77581  -0.775686  -0.776751  -0.779693  -0.785368  -0.794678  -0.808358  -0.826684  -0.849199  -0.874603  -0.900921  -0.925951  -0.947818  -0.965385  -0.978366  -0.987164  -0.99257  -0.995474  -0.996677  -0.996801  -0.996282  -0.995398  -0.994315  -0.993128  -0.991886  -0.990616  -0.989334  -0.988048  
-0.79331  -0.79171  -0.790111  -0.788518  -0.786933  -0.785357  -0.783793  -0.782245  -0.780726  -0.779264  -0.777923  -0.776823  -0.776184  -0.776365  -0.777901  -0.781512  -0.788053  -0.798375  -0.813095  -0.832315  -0.85539  -0.88088  -0.90678  -0.930984  -0.951805  -0.968307  -0.980357  -0.988433  -0.993331  -0.995909  -0.996916  -0.99693  -0.996351  -0.995435  -0.994336  -0.993139  -0.991892  -0.990619  -0.989336  -0.988049  
-0.79331  -0.791711  -0.790112  -0.788519  -0.786935  -0.78536  -0.783798  -0.782256  -0.78075  -0.77932  -0.778042  -0.777063  -0.776637  -0.777161  -0.779213  -0.783534  -0.790968  -0.802298  -0.818014  -0.838045  -0.86157  -0.887035  -0.912432  -0.935772  -0.955554  -0.97103  -0.982202  -0.989605  -0.994034  -0.99631  -0.997137  -0.997049  -0.996415  -0.995471  -0.994355  -0.99315  -0.991897  -0.990622  -0.989337  -0.988049  
-0.793311  -0.791712  -0.790114  -0.788521  -0.786937  -0.785363  -0.783804  -0.78227  -0.780783  -0.779392  -0.778193  -0.777358  -0.777176  -0.778085  -0.780695  -0.785763  -0.794108  -0.806434  -0.823095  -0.843848  -0.867714  -0.893049  -0.917871  -0.940318  -0.959075  -0.973567  -0.98391  -0.990687  -0.994683  -0.996682  -0.997343  -0.997161  -0.996476  -0.995503  -0.994374  -0.99316  -0.991903  -0.990625  -0.989338  -0.988049  
-0.793312  -0.791714  -0.790115  -0.788523  -0.786939  -0.785367  -0.783813  -0.782289  -0.780827  -0.779486  -0.778382  -0.777716  -0.777811  -0.779144  -0.782353  -0.788201  -0.797469  -0.81077  -0.828318  -0.849702  -0.873801  -0.898911  -0.923093  -0.944628  -0.962379  -0.975929  -0.985493  -0.991687  -0.995283  -0.997026  -0.997534  -0.997265  -0.996532  -0.995534  -0.99439  -0.993169  -0.991907  -0.990627  -0.989339  -0.98805  
-0.793313  -0.791715  -0.790117  -0.788525  -0.786942  -0.785372  -0.783824  -0.782316  -0.780884  -0.779605  -0.778615  -0.778144  -0.778551  -0.780348  -0.784194  -0.790849  -0.801043  -0.815292  -0.833661  -0.855582  -0.879812  -0.904608  -0.928097  -0.948709  -0.965477  -0.978128  -0.986959  -0.99261  -0.995836  -0.997344  -0.997711  -0.997362  -0.996585  -0.995563  -0.994406  -0.993177  -0.991912  -0.990629  -0.98934  -0.98805  
-0.793314  -0.791716  -0.790118  -0.788527  -0.786945  -0.78538  -0.78384  -0.78235  -0.780958  -0.779754  -0.778898  -0.778651  -0.779405  -0.781704  -0.786223  -0.793705  -0.804823  -0.819983  -0.839103  -0.861467  -0.885728  -0.910129  -0.932883  -0.952567  -0.968378  -0.980173  -0.988317  -0.993464  -0.996348  -0.997639  -0.997876  -0.997452  -0.996634  -0.99559  -0.994421  -0.993185  -0.991916  -0.990631  -0.989341  -0.98805  
-0.793315  -0.791718  -0.79012  -0.788529  -0.78695  -0.785389  -0.783861  -0.782396  -0.781052  -0.779938  -0.779238  -0.779244  -0.780381  -0.783219  -0.788442  -0.796767  -0.808799  -0.824826  -0.844622  -0.867334  -0.891533  -0.915469  -0.937451  -0.956209  -0.971095  -0.982076  -0.989575  -0.994253  -0.996821  -0.997912  -0.998029  -0.997536  -0.99668  -0.995615  -0.994434  -0.993192  -0.99192  -0.990633  -0.989341  -0.98805  
-0.793316  -0.791719  -0.790122  -0.788532  -0.786956  -0.785402  -0.783889  -0.782454  -0.781169  -0.780162  -0.779641  -0.779931  -0.781487  -0.784899  -0.790853  -0.800031  -0.812959  -0.829803  -0.850198  -0.873165  -0.897214  -0.920621  -0.941805  -0.959645  -0.973636  -0.983845  -0.99074  -0.994983  -0.997258  -0.998164  -0.99817  -0.997614  -0.996722  -0.995638  -0.994447  -0.993199  -0.991923  -0.990635  -0.989342  -0.988051  
-0.793317  -0.791721  -0.790124  -0.788536  -0.786964  -0.785419  -0.783925  -0.782528  -0.781315  -0.780432  -0.780116  -0.78072  -0.782729  -0.786749  -0.793457  -0.803492  -0.817291  -0.834898  -0.85581  -0.87894  -0.902757  -0.925582  -0.945948  -0.962882  -0.976012  -0.985489  -0.991819  -0.995658  -0.997662  -0.998398  -0.998302  -0.997687  -0.996762  -0.995659  -0.994458  -0.993205  -0.991926  -0.990636  -0.989343  -0.988051  
-0.793318  -0.791722  -0.790127  -0.788541  -0.786974  -0.785441  -0.783971  -0.782621  -0.781492  -0.780754  -0.780669  -0.78162  -0.784115  -0.788772  -0.796252  -0.807141  -0.821781  -0.84009  -0.861438  -0.884643  -0.908153  -0.930347  -0.949883  -0.965929  -0.978232  -0.987018  -0.992818  -0.996282  -0.998036  -0.998614  -0.998424  -0.997755  -0.996799  -0.99568  -0.994469  -0.993211  -0.991929  -0.990637  -0.989343  -0.988051  
-0.793319  -0.791724  -0.79013  -0.788548  -0.786988  -0.785469  -0.78403  -0.782736  -0.781707  -0.781133  -0.781307  -0.782636  -0.78565  -0.790972  -0.799238  -0.810971  -0.826415  -0.845362  -0.867062  -0.890259  -0.913392  -0.934918  -0.953617  -0.968795  -0.980305  -0.988438  -0.993744  -0.996859  -0.998382  -0.998815  -0.998537  -0.997817  -0.996834  -0.995698  -0.994479  -0.993216  -0.991932  -0.990639  -0.989344  -0.988051  
-0.79332  -0.791727  -0.790135  -0.788556  -0.787006  -0.785506  -0.784103  -0.782877  -0.781963  -0.781577  -0.782037  -0.783775  -0.78734  -0.79335  -0.80241  -0.814973  -0.831177  -0.850695  -0.872666  -0.895772  -0.918469  -0.939294  -0.957155  -0.971487  -0.98224  -0.989758  -0.994602  -0.997393  -0.998702  -0.999001  -0.998642  -0.997876  -0.996866  -0.995716  -0.994489  -0.993221  -0.991934  -0.99064  -0.989344  -0.988051  
-0.793321  -0.791729  -0.79014  -0.788567  -0.787028  -0.785553  -0.784194  -0.783047  -0.782267  -0.782092  -0.782865  -0.785045  -0.789189  -0.795907  -0.805763  -0.819135  -0.836053  -0.856072  -0.878231  -0.901172  -0.923376  -0.943475  -0.960504  -0.974015  -0.984046  -0.990984  -0.995397  -0.997887  -0.998998  -0.999173  -0.99874  -0.99793  -0.996896  -0.995732  -0.994497  -0.993226  -0.991937  -0.990641  -0.989345  -0.988051  
-0.793323  -0.791733  -0.790147  -0.788582  -0.787058  -0.785611  -0.784306  -0.783252  -0.782624  -0.782684  -0.7838  -0.78645  -0.7912  -0.798642  -0.809292  -0.823447  -0.841027  -0.861473  -0.883742  -0.906446  -0.92811  -0.947466  -0.963669  -0.976386  -0.98573  -0.992123  -0.996133  -0.998344  -0.999272  -0.999332  -0.99883  -0.997981  -0.996923  -0.995747  -0.994506  -0.99323  -0.991939  -0.990642  -0.989345  -0.988051  
-0.793325  -0.791737  -0.790156  -0.7886  -0.787095  -0.785683  -0.784442  -0.783495  -0.783038  -0.783358  -0.784846  -0.787996  -0.793375  -0.801552  -0.81299  -0.827895  -0.846081  -0.866882  -0.889184  -0.911586  -0.932669  -0.951268  -0.966659  -0.978609  -0.9873  -0.993181  -0.996816  -0.998767  -0.999526  -0.99948  -0.998914  -0.998027  -0.996949  -0.995761  -0.994513  -0.993234  -0.991941  -0.990643  -0.989345  -0.988052  
-0.793328  -0.791743  -0.790168  -0.788623  -0.787141  -0.785772  -0.784605  -0.783781  -0.783517  -0.784123  -0.786011  -0.789688  -0.795716  -0.804637  -0.816848  -0.832467  -0.8512  -0.872283  -0.894543  -0.916584  -0.937051  -0.954885  -0.969479  -0.980692  -0.988764  -0.994163  -0.997448  -0.999159  -0.999761  -0.999616  -0.998992  -0.998071  -0.996973  -0.995774  -0.99452  -0.993238  -0.991943  -0.990644  -0.989346  -0.988052  
-0.793331  -0.79175  -0.790182  -0.788653  -0.787198  -0.78588  -0.784799  -0.784115  -0.784065  -0.784983  -0.787298  -0.791528  -0.798224  -0.80789  -0.820858  -0.837149  -0.856367  -0.877659  -0.899808  -0.921433  -0.941255  -0.958322  -0.972136  -0.982643  -0.990128  -0.995075  -0.998033  -0.999521  -0.999978  -0.999743  -0.999064  -0.998111  -0.996995  -0.995786  -0.994526  -0.993241  -0.991944  -0.990644  -0.989346  -0.988052  
-0.793335  -0.791759  -0.790201  -0.788689  -0.787269  -0.78601  -0.785028  -0.784502  -0.784689  -0.785944  -0.788715  -0.793521  -0.800899  -0.811308  -0.825009  -0.841928  -0.861567  -0.882995  -0.904966  -0.926128  -0.945282  -0.961584  -0.974639  -0.984468  -0.991398  -0.995922  -0.998576  -0.999857  -1.00018  -0.99986  -0.999131  -0.998149  -0.997016  -0.995797  -0.994532  -0.993244  -0.991946  -0.990645  -0.989346  -0.988052  
-0.79334  -0.791771  -0.790224  -0.788735  -0.787355  -0.786165  -0.785297  -0.784947  -0.785394  -0.787013  -0.790264  -0.795668  -0.803738  -0.814885  -0.829291  -0.846788  -0.866783  -0.888278  -0.910009  -0.930665  -0.949134  -0.964677  -0.976995  -0.986176  -0.992582  -0.996708  -0.999079  -1.00017  -1.00037  -0.999969  -0.999193  -0.998184  -0.997035  -0.995808  -0.994538  -0.993247  -0.991947  -0.990646  -0.989347  -0.988052  
-0.793347  -0.791786  -0.790253  -0.788791  -0.787458  -0.786349  -0.785609  -0.785455  -0.786186  -0.788195  -0.791951  -0.79797  -0.806739  -0.818612  -0.833692  -0.851715  -0.872  -0.893495  -0.914928  -0.935041  -0.952812  -0.967605  -0.979209  -0.987773  -0.993683  -0.997438  -0.999545  -1.00046  -1.00054  -1.00007  -0.999251  -0.998216  -0.997053  -0.995818  -0.994543  -0.99325  -0.991948  -0.990646  -0.989347  -0.988052  
-0.793355  -0.791804  -0.79029  -0.78886  -0.787583  -0.786565  -0.78597  -0.786032  -0.787071  -0.789494  -0.793779  -0.800429  -0.809899  -0.822483  -0.838201  -0.856695  -0.877205  -0.898632  -0.919716  -0.939255  -0.95632  -0.970374  -0.98129  -0.989265  -0.994709  -0.998116  -0.999977  -1.00072  -1.0007  -1.00016  -0.999304  -0.998246  -0.99707  -0.995826  -0.994548  -0.993252  -0.99195  -0.990647  -0.989347  -0.988052  
-0.793366  -0.791827  -0.790334  -0.788943  -0.78773  -0.786817  -0.786383  -0.786683  -0.788053  -0.790915  -0.795749  -0.803044  -0.813214  -0.82649  -0.842804  -0.861713  -0.882382  -0.903681  -0.924366  -0.943305  -0.959661  -0.972992  -0.983243  -0.990659  -0.995663  -0.998745  -1.00038  -1.00097  -1.00085  -1.00025  -0.999354  -0.998274  -0.997085  -0.995835  -0.994552  -0.993254  -0.991951  -0.990647  -0.989347  -0.988052  
-0.793379  -0.791856  -0.790389  -0.789042  -0.787904  -0.787109  -0.786855  -0.787412  -0.789138  -0.792463  -0.797866  -0.805814  -0.816679  -0.830621  -0.84749  -0.866755  -0.887518  -0.908629  -0.928874  -0.947192  -0.962839  -0.975463  -0.985076  -0.991961  -0.996551  -0.999329  -1.00075  -1.0012  -1.00098  -1.00033  -0.9994  -0.998299  -0.997099  -0.995843  -0.994556  -0.993256  -0.991952  -0.990648  -0.989347  -0.988052  
-0.793396  -0.791891  -0.790455  -0.78916  -0.788107  -0.787445  -0.787388  -0.788226  -0.790331  -0.794141  -0.800129  -0.808737  -0.820287  -0.834868  -0.852244  -0.871806  -0.892601  -0.91347  -0.933237  -0.950917  -0.965859  -0.977794  -0.986796  -0.993177  -0.997378  -0.999871  -1.00109  -1.00141  -1.00111  -1.0004  -0.999442  -0.998323  -0.997112  -0.99585  -0.99456  -0.993258  -0.991953  -0.990648  -0.989348  -0.988052  
-0.793416  -0.791934  -0.790534  -0.789299  -0.788343  -0.787829  -0.787989  -0.78913  -0.791636  -0.795951  -0.802539  -0.81181  -0.824031  -0.839219  -0.857055  -0.876853  -0.89762  -0.918194  -0.93745  -0.95448  -0.968724  -0.979992  -0.988407  -0.994311  -0.998146  -1.00037  -1.00141  -1.00161  -1.00123  -1.00047  -0.999482  -0.998346  -0.997125  -0.995856  -0.994564  -0.99326  -0.991954  -0.990649  -0.989348  -0.988052  
-0.793442  -0.791986  -0.790629  -0.789463  -0.788616  -0.788266  -0.788662  -0.790127  -0.793057  -0.797898  -0.805096  -0.815029  -0.827905  -0.843664  -0.861908  -0.881884  -0.902563  -0.922797  -0.941513  -0.957886  -0.971441  -0.982061  -0.989917  -0.995369  -0.998861  -1.00084  -1.00171  -1.00179  -1.00134  -1.00054  -0.999518  -0.998366  -0.997136  -0.995863  -0.994567  -0.993262  -0.991955  -0.990649  -0.989348  -0.988052  
-0.793472  -0.792049  -0.790741  -0.789654  -0.788928  -0.788759  -0.789411  -0.791223  -0.794599  -0.799982  -0.8078  -0.81839  -0.831899  -0.848192  -0.866791  -0.886884  -0.90742  -0.927271  -0.945423  -0.961135  -0.974015  -0.984009  -0.991331  -0.996357  -0.999526  -1.00127  -1.00198  -1.00196  -1.00144  -1.0006  -0.999552  -0.998385  -0.997147  -0.995868  -0.99457  -0.993263  -0.991955  -0.990649  -0.989348  -0.988052  
-0.793509  -0.792123  -0.790872  -0.789875  -0.789285  -0.789314  -0.790243  -0.792423  -0.796264  -0.802204  -0.810648  -0.821888  -0.836005  -0.852789  -0.87169  -0.891843  -0.912184  -0.931613  -0.949183  -0.964233  -0.97645  -0.985841  -0.992655  -0.997277  -1.00014  -1.00168  -1.00223  -1.00211  -1.00153  -1.00065  -0.999584  -0.998403  -0.997156  -0.995874  -0.994573  -0.993265  -0.991956  -0.99065  -0.989348  -0.988052  
-0.793554  -0.792212  -0.791026  -0.790129  -0.78969  -0.789935  -0.79116  -0.793729  -0.798056  -0.804567  -0.813639  -0.825516  -0.840214  -0.857445  -0.876593  -0.896749  -0.916845  -0.935818  -0.95279  -0.967181  -0.978752  -0.987563  -0.993893  -0.998135  -1.00072  -1.00205  -1.00247  -1.00226  -1.00162  -1.0007  -0.999613  -0.998419  -0.997165  -0.995879  -0.994575  -0.993266  -0.991957  -0.99065  -0.989348  -0.988052  
-0.793607  -0.792316  -0.791205  -0.79042  -0.790146  -0.790626  -0.792168  -0.795147  -0.799976  -0.807068  -0.816769  -0.829268  -0.844514  -0.862148  -0.881487  -0.901592  -0.921397  -0.939885  -0.956248  -0.969985  -0.980927  -0.989181  -0.995051  -0.998935  -1.00125  -1.0024  -1.00269  -1.00239  -1.0017  -1.00075  -0.99964  -0.998435  -0.997174  -0.995883  -0.994578  -0.993267  -0.991957  -0.99065  -0.989348  -0.988053  
-0.79367  -0.792439  -0.791411  -0.790751  -0.790659  -0.791391  -0.793272  -0.79668  -0.802027  -0.809709  -0.820033  -0.833136  -0.848897  -0.866885  -0.886361  -0.906362  -0.925834  -0.943811  -0.959557  -0.972648  -0.982979  -0.9907  -0.996134  -0.999681  -1.00175  -1.00272  -1.00289  -1.00251  -1.00177  -1.00079  -0.999665  -0.998449  -0.997182  -0.995887  -0.99458  -0.993269  -0.991958  -0.990651  -0.989349  -0.988053  
-0.793743  -0.792581  -0.791647  -0.791126  -0.791232  -0.792236  -0.794474  -0.79833  -0.80421  -0.812487  -0.823429  -0.837113  -0.853351  -0.871643  -0.891204  -0.911049  -0.93015  -0.947595  -0.96272  -0.975176  -0.984915  -0.992126  -0.997146  -1.00038  -1.00221  -1.00302  -1.00308  -1.00263  -1.00184  -1.00083  -0.999688  -0.998462  -0.997189  -0.995891  -0.994582  -0.99327  -0.991958  -0.990651  -0.989349  -0.988053  
-0.79383  -0.792745  -0.791917  -0.791548  -0.791869  -0.793164  -0.795779  -0.8001  -0.806525  -0.8154  -0.826949  -0.841191  -0.857866  -0.876413  -0.896004  -0.915647  -0.934342  -0.951236  -0.96574  -0.977572  -0.98674  -0.993463  -0.998091  -1.00102  -1.00264  -1.00329  -1.00325  -1.00274  -1.0019  -1.00087  -0.99971  -0.998474  -0.997196  -0.995895  -0.994584  -0.993271  -0.991959  -0.990651  -0.989349  -0.988053  
-0.79393  -0.792934  -0.792224  -0.792022  -0.792574  -0.794179  -0.79719  -0.801993  -0.808973  -0.818446  -0.830589  -0.845359  -0.862429  -0.881181  -0.900751  -0.920148  -0.938406  -0.954736  -0.968619  -0.979842  -0.988458  -0.994717  -0.998975  -1.00163  -1.00304  -1.00355  -1.00341  -1.00284  -1.00196  -1.0009  -0.99973  -0.998485  -0.997202  -0.995898  -0.994586  -0.993271  -0.991959  -0.990651  -0.989349  -0.988053  
-0.794046  -0.79315  -0.79257  -0.79255  -0.793352  -0.795286  -0.798711  -0.804011  -0.811553  -0.821621  -0.834342  -0.849609  -0.867032  -0.885937  -0.905436  -0.924545  -0.94234  -0.958094  -0.971362  -0.98199  -0.990076  -0.995891  -0.9998  -1.00219  -1.00341  -1.00379  -1.00356  -1.00293  -1.00202  -1.00094  -0.999748  -0.998496  -0.997208  -0.995901  -0.994587  -0.993272  -0.99196  -0.990651  -0.989349  -0.988053  
-0.794179  -0.793396  -0.79296  -0.793138  -0.794207  -0.796488  -0.800344  -0.806154  -0.814264  -0.824921  -0.8382  -0.853931  -0.871661  -0.89067  -0.91005  -0.928832  -0.94614  -0.961313  -0.973972  -0.984021  -0.991598  -0.996992  -1.00057  -1.00271  -1.00376  -1.00401  -1.0037  -1.00301  -1.00207  -1.00097  -0.999765  -0.998505  -0.997213  -0.995904  -0.994589  -0.993273  -0.99196  -0.990652  -0.989349  -0.988053  
-0.794331  -0.793674  -0.793396  -0.793788  -0.795142  -0.797788  -0.802092  -0.808423  -0.817104  -0.828342  -0.842156  -0.858315  -0.876306  -0.89537  -0.914585  -0.933006  -0.949808  -0.964394  -0.976452  -0.98594  -0.993028  -0.998022  -1.00129  -1.0032  -1.00408  -1.00422  -1.00383  -1.00309  -1.00212  -1.00099  -0.999781  -0.998514  -0.997218  -0.995907  -0.99459  -0.993274  -0.99196  -0.990652  -0.989349  -0.988053  
-0.794504  -0.793988  -0.793882  -0.794505  -0.796161  -0.799191  -0.803958  -0.810819  -0.820071  -0.831877  -0.846202  -0.86275  -0.880957  -0.900026  -0.919033  -0.937062  -0.953341  -0.96734  -0.978808  -0.987753  -0.994373  -0.998987  -1.00196  -1.00365  -1.00438  -1.00441  -1.00395  -1.00316  -1.00216  -1.00102  -0.999796  -0.998523  -0.997223  -0.995909  -0.994592  -0.993275  -0.991961  -0.990652  -0.989349  -0.988053  
-0.794699  -0.794341  -0.794422  -0.795292  -0.797268  -0.800698  -0.805942  -0.813341  -0.823162  -0.835522  -0.850329  -0.867228  -0.885602  -0.90463  -0.923389  -0.940997  -0.95674  -0.970152  -0.981043  -0.989463  -0.995636  -0.999889  -1.00258  -1.00407  -1.00465  -1.00458  -1.00406  -1.00323  -1.0022  -1.00104  -0.99981  -0.99853  -0.997227  -0.995912  -0.994593  -0.993275  -0.991961  -0.990652  -0.989349  -0.988053  
-0.79492  -0.794734  -0.79502  -0.796153  -0.798467  -0.802313  -0.808046  -0.815988  -0.826373  -0.83927  -0.854528  -0.871736  -0.890232  -0.909172  -0.927645  -0.944808  -0.960006  -0.972836  -0.983162  -0.991075  -0.996822  -1.00073  -1.00317  -1.00446  -1.00491  -1.00475  -1.00416  -1.00329  -1.00224  -1.00107  -0.999822  -0.998538  -0.997231  -0.995914  -0.994594  -0.993276  -0.991961  -0.990652  -0.989349  -0.988053  
-0.795167  -0.795172  -0.795678  -0.797091  -0.799761  -0.804038  -0.81027  -0.81876  -0.8297  -0.843114  -0.858791  -0.876266  -0.894836  -0.913645  -0.931797  -0.948494  -0.963139  -0.975392  -0.985169  -0.992595  -0.997934  -1.00152  -1.00371  -1.00483  -1.00515  -1.0049  -1.00426  -1.00335  -1.00227  -1.00109  -0.999834  -0.998544  -0.997234  -0.995916  -0.994595  -0.993276  -0.991961  -0.990652  -0.989349  -0.988053  
-0.795443  -0.795657  -0.7964  -0.798112  -0.801152  -0.805875  -0.812616  -0.821652  -0.833139  -0.847046  -0.863108  -0.880806  -0.899405  -0.918041  -0.935841  -0.952054  -0.966143  -0.977826  -0.987069  -0.994026  -0.998978  -1.00226  -1.00422  -1.00517  -1.00537  -1.00504  -1.00435  -1.00341  -1.00231  -1.00111  -0.999845  -0.99855  -0.997238  -0.995918  -0.994596  -0.993277  -0.991962  -0.990652  -0.989349  -0.988053  
-0.79575  -0.796193  -0.79719  -0.799216  -0.802644  -0.807826  -0.815083  -0.824664  -0.836684  -0.851059  -0.867469  -0.885347  -0.90393  -0.922353  -0.939773  -0.955486  -0.969017  -0.980141  -0.988865  -0.995373  -0.999956  -1.00295  -1.00469  -1.00548  -1.00558  -1.00517  -1.00443  -1.00346  -1.00234  -1.00112  -0.999855  -0.998556  -0.997241  -0.995919  -0.994597  -0.993277  -0.991962  -0.990652  -0.989349  -0.988053  
-0.79609  -0.796782  -0.798051  -0.800409  -0.80424  -0.809891  -0.817669  -0.827792  -0.840329  -0.855145  -0.871865  -0.889879  -0.908403  -0.926576  -0.943589  -0.958792  -0.971766  -0.982341  -0.990563  -0.996641  -1.00087  -1.0036  -1.00513  -1.00578  -1.00577  -1.00529  -1.0045  -1.0035  -1.00236  -1.00114  -0.999864  -0.998561  -0.997244  -0.995921  -0.994598  -0.993278  -0.991962  -0.990653  -0.989349  -0.988053  
-0.796466  -0.797429  -0.798986  -0.801693  -0.805941  -0.812073  -0.820375  -0.831032  -0.844068  -0.859295  -0.876286  -0.894393  -0.912815  -0.930704  -0.947288  -0.961971  -0.974391  -0.984429  -0.992167  -0.997832  -1.00173  -1.0042  -1.00555  -1.00605  -1.00595  -1.00541  -1.00457  -1.00354  -1.00239  -1.00115  -0.999873  -0.998566  -0.997247  -0.995922  -0.994599  -0.993278  -0.991962  -0.990653  -0.989349  -0.988053  
-0.796879  -0.798135  -0.8  -0.803071  -0.807749  -0.81437  -0.823197  -0.83438  -0.847895  -0.863501  -0.880723  -0.898879  -0.917159  -0.934732  -0.950868  -0.965024  -0.976896  -0.986409  -0.99368  -0.998953  -1.00254  -1.00476  -1.00593  -1.00631  -1.00611  -1.00551  -1.00464  -1.00358  -1.00241  -1.00117  -0.999881  -0.998571  -0.997249  -0.995924  -0.994599  -0.993278  -0.991962  -0.990653  -0.989349  -0.988053  
-0.797332  -0.798903  -0.801094  -0.804545  -0.809667  -0.816783  -0.826134  -0.837831  -0.851802  -0.867753  -0.885166  -0.903328  -0.921427  -0.938656  -0.954327  -0.967954  -0.979284  -0.988287  -0.995108  -1.00001  -1.00329  -1.00529  -1.00629  -1.00654  -1.00626  -1.00561  -1.0047  -1.00362  -1.00243  -1.00118  -0.999888  -0.998575  -0.997251  -0.995925  -0.9946  -0.993279  -0.991963  -0.990653  -0.989349  -0.988053  
-0.797826  -0.799738  -0.802272  -0.806119  -0.811694  -0.819312  -0.829183  -0.84138  -0.855781  -0.872044  -0.889605  -0.907733  -0.925615  -0.942473  -0.957666  -0.970761  -0.981557  -0.990065  -0.996454  -1.00099  -1.004  -1.00578  -1.00662  -1.00676  -1.00641  -1.0057  -1.00476  -1.00366  -1.00245  -1.00119  -0.999895  -0.998579  -0.997254  -0.995926  -0.9946  -0.993279  -0.991963  -0.990653  -0.989349  -0.988053  
-0.798365  -0.800641  -0.803537  -0.807793  -0.813833  -0.821955  -0.832341  -0.845021  -0.859826  -0.876363  -0.894032  -0.912085  -0.929717  -0.946181  -0.960884  -0.973448  -0.98372  -0.991747  -0.997722  -1.00192  -1.00466  -1.00624  -1.00693  -1.00697  -1.00654  -1.00578  -1.00481  -1.00369  -1.00247  -1.0012  -0.999902  -0.998582  -0.997256  -0.995927  -0.994601  -0.993279  -0.991963  -0.990653  -0.989349  -0.988053  
-0.79895  -0.801616  -0.804892  -0.80957  -0.816083  -0.82471  -0.835604  -0.848749  -0.863927  -0.880702  -0.898439  -0.916377  -0.933726  -0.949775  -0.963981  -0.976017  -0.985776  -0.993339  -0.998916  -1.00279  -1.00528  -1.00666  -1.00722  -1.00716  -1.00666  -1.00586  -1.00486  -1.00372  -1.00249  -1.00121  -0.999908  -0.998586  -0.997257  -0.995928  -0.994602  -0.993279  -0.991963  -0.990653  -0.989349  -0.988053  
-0.799583  -0.802665  -0.806338  -0.811452  -0.818444  -0.827577  -0.838967  -0.852556  -0.868078  -0.885051  -0.902815  -0.920602  -0.93764  -0.953257  -0.966959  -0.978471  -0.987729  -0.994843  -1.00004  -1.00361  -1.00585  -1.00706  -1.00749  -1.00734  -1.00678  -1.00593  -1.0049  -1.00374  -1.00251  -1.00122  -0.999913  -0.998589  -0.997259  -0.995929  -0.994602  -0.99328  -0.991963  -0.990653  -0.989349  -0.988053  
-0.800266  -0.80379  -0.807878  -0.813439  -0.820916  -0.830552  -0.842426  -0.856436  -0.872269  -0.889403  -0.907154  -0.924754  -0.941454  -0.956623  -0.969818  -0.980812  -0.989582  -0.996264  -1.0011  -1.00437  -1.00639  -1.00743  -1.00774  -1.0075  -1.00688  -1.006  -1.00494  -1.00377  -1.00252  -1.00123  -0.999918  -0.998592  -0.997261  -0.99593  -0.994603  -0.99328  -0.991963  -0.990653  -0.989349  -0.988053  
-0.801001  -0.804995  -0.809514  -0.815533  -0.823499  -0.833632  -0.845976  -0.860382  -0.876491  -0.893748  -0.911447  -0.928827  -0.945165  -0.959874  -0.97256  -0.983045  -0.99134  -0.997606  -1.00209  -1.00509  -1.0069  -1.00778  -1.00797  -1.00765  -1.00698  -1.00606  -1.00498  -1.00379  -1.00254  -1.00124  -0.999923  -0.998594  -0.997262  -0.995931  -0.994603  -0.99328  -0.991963  -0.990653  -0.989349  -0.988053  
-0.80179  -0.80628  -0.811247  -0.817733  -0.82619  -0.836814  -0.84961  -0.864386  -0.880737  -0.898077  -0.915688  -0.932816  -0.948771  -0.963009  -0.975187  -0.985171  -0.993006  -0.998872  -1.00303  -1.00577  -1.00737  -1.0081  -1.00819  -1.0078  -1.00707  -1.00612  -1.00502  -1.00381  -1.00255  -1.00125  -0.999927  -0.998597  -0.997264  -0.995932  -0.994603  -0.99328  -0.991964  -0.990653  -0.989349  -0.988053  
-0.802635  -0.807649  -0.813079  -0.820041  -0.828988  -0.840094  -0.853324  -0.86844  -0.884999  -0.902383  -0.919869  -0.936716  -0.952269  -0.966029  -0.977702  -0.987195  -0.994583  -1.00007  -1.00391  -1.0064  -1.00781  -1.00841  -1.00839  -1.00793  -1.00716  -1.00618  -1.00505  -1.00383  -1.00256  -1.00126  -0.999931  -0.998599  -0.997265  -0.995932  -0.994604  -0.993281  -0.991964  -0.990653  -0.989349  -0.988053  
-0.803537  -0.809103  -0.815011  -0.822455  -0.831891  -0.843468  -0.85711  -0.872537  -0.889266  -0.906658  -0.923984  -0.940524  -0.955658  -0.968935  -0.980106  -0.989119  -0.996076  -1.00119  -1.00473  -1.00699  -1.00822  -1.00869  -1.00858  -1.00805  -1.00724  -1.00623  -1.00508  -1.00385  -1.00257  -1.00126  -0.999935  -0.998601  -0.997266  -0.995933  -0.994604  -0.993281  -0.991964  -0.990653  -0.98935  -0.988053  
-0.804497  -0.810643  -0.817044  -0.824974  -0.834897  -0.84693  -0.860962  -0.876668  -0.893532  -0.910894  -0.928028  -0.944236  -0.958936  -0.971727  -0.982403  -0.990947  -0.997488  -1.00225  -1.00551  -1.00754  -1.00861  -1.00895  -1.00875  -1.00817  -1.00731  -1.00627  -1.00511  -1.00387  -1.00258  -1.00127  -0.999939  -0.998603  -0.997267  -0.995933  -0.994604  -0.993281  -0.991964  -0.990653  -0.98935  -0.988053  
-0.805518  -0.812271  -0.819178  -0.827598  -0.838001  -0.850477  -0.864873  -0.880827  -0.897788  -0.915084  -0.931994  -0.947848  -0.962105  -0.974407  -0.984595  -0.992683  -0.998823  -1.00325  -1.00623  -1.00806  -1.00897  -1.0092  -1.00892  -1.00827  -1.00738  -1.00631  -1.00514  -1.00389  -1.00259  -1.00127  -0.999942  -0.998605  -0.997268  -0.995934  -0.994605  -0.993281  -0.991964  -0.990653  -0.98935  -0.988053  
-0.806599  -0.813988  -0.821413  -0.830326  -0.8412  -0.854101  -0.868837  -0.885004  -0.902027  -0.919221  -0.935879  -0.951359  -0.965162  -0.976977  -0.986685  -0.99433  -1.00008  -1.00419  -1.00692  -1.00854  -1.00931  -1.00942  -1.00907  -1.00837  -1.00744  -1.00635  -1.00516  -1.0039  -1.0026  -1.00128  -0.999945  -0.998607  -0.997269  -0.995934  -0.994605  -0.993281  -0.991964  -0.990653  -0.98935  -0.988053  
-0.807743  -0.815795  -0.823748  -0.833154  -0.844492  -0.857798  -0.872845  -0.889191  -0.906239  -0.923299  -0.939678  -0.954766  -0.968109  -0.97944  -0.988675  -0.995892  -1.00127  -1.00507  -1.00756  -1.00899  -1.00962  -1.00964  -1.00921  -1.00847  -1.0075  -1.00639  -1.00518  -1.00392  -1.00261  -1.00128  -0.999948  -0.998608  -0.99727  -0.995935  -0.994605  -0.993281  -0.991964  -0.990653  -0.98935  -0.988053  
-0.80895  -0.817692  -0.826184  -0.836081  -0.84787  -0.861562  -0.876889  -0.893381  -0.910419  -0.927312  -0.943386  -0.958069  -0.970947  -0.981796  -0.99057  -0.997371  -1.0024  -1.0059  -1.00816  -1.00942  -1.00991  -1.00983  -1.00934  -1.00855  -1.00756  -1.00643  -1.00521  -1.00393  -1.00262  -1.00129  -0.99995  -0.99861  -0.997271  -0.995935  -0.994605  -0.993281  -0.991964  -0.990653  -0.98935  -0.988053  
-0.810221  -0.819679  -0.828719  -0.839103  -0.851331  -0.865385  -0.880964  -0.897567  -0.914559  -0.931255  -0.947002  -0.961265  -0.973675  -0.984048  -0.992373  -0.998772  -1.00346  -1.00668  -1.00872  -1.00981  -1.01019  -1.01002  -1.00946  -1.00863  -1.00761  -1.00646  -1.00522  -1.00394  -1.00262  -1.00129  -0.999953  -0.998611  -0.997271  -0.995936  -0.994605  -0.993281  -0.991964  -0.990653  -0.98935  -0.988053  
-0.811556  -0.821757  -0.831351  -0.842219  -0.854869  -0.869261  -0.88506  -0.901739  -0.918652  -0.935122  -0.950522  -0.964356  -0.976296  -0.9862  -0.994086  -1.0001  -1.00446  -1.00742  -1.00925  -1.01018  -1.01044  -1.01019  -1.00958  -1.0087  -1.00766  -1.00649  -1.00524  -1.00395  -1.00263  -1.0013  -0.999955  -0.998612  -0.997272  -0.995936  -0.994606  -0.993282  -0.991964  -0.990653  -0.98935  -0.988053  
-0.812955  -0.823924  -0.834078  -0.845423  -0.858479  -0.873184  -0.889171  -0.905891  -0.922693  -0.938909  -0.953944  -0.96734  -0.978811  -0.988253  -0.995713  -1.00135  -1.0054  -1.00811  -1.00974  -1.01053  -1.01068  -1.01035  -1.00968  -1.00877  -1.0077  -1.00651  -1.00526  -1.00396  -1.00264  -1.0013  -0.999957  -0.998613  -0.997273  -0.995936  -0.994606  -0.993282  -0.991964  -0.990653  -0.98935  -0.988053  
-0.814419  -0.826181  -0.836899  -0.848712  -0.862156  -0.877145  -0.893289  -0.910016  -0.926674  -0.942613  -0.957267  -0.970217  -0.981222  -0.990211  -0.997257  -1.00254  -1.00628  -1.00876  -1.01021  -1.01086  -1.0109  -1.0105  -1.00978  -1.00884  -1.00774  -1.00654  -1.00528  -1.00397  -1.00264  -1.0013  -0.999959  -0.998615  -0.997273  -0.995937  -0.994606  -0.993282  -0.991964  -0.990653  -0.98935  -0.988053  
-0.815947  -0.828525  -0.839811  -0.852081  -0.865892  -0.881139  -0.897405  -0.914107  -0.930592  -0.946229  -0.960488  -0.97299  -0.983532  -0.992077  -0.998722  -1.00366  -1.00712  -1.00937  -1.01064  -1.01116  -1.01111  -1.01064  -1.00987  -1.0089  -1.00778  -1.00656  -1.00529  -1.00398  -1.00265  -1.00131  -0.999961  -0.998616  -0.997274  -0.995937  -0.994606  -0.993282  -0.991964  -0.990653  -0.98935  -0.988053  
-0.81754  -0.830956  -0.842811  -0.855527  -0.869682  -0.885158  -0.901514  -0.918157  -0.93444  -0.949755  -0.963607  -0.975657  -0.985741  -0.993853  -1.00011  -1.00471  -1.00791  -1.00994  -1.01105  -1.01144  -1.0113  -1.01077  -1.00996  -1.00895  -1.00781  -1.00659  -1.0053  -1.00399  -1.00265  -1.00131  -0.999962  -0.998616  -0.997274  -0.995937  -0.994606  -0.993282  -0.991964  -0.990653  -0.98935  -0.988053  
-0.819195  -0.833472  -0.845895  -0.859042  -0.87352  -0.889194  -0.905607  -0.922159  -0.938214  -0.953189  -0.966624  -0.978221  -0.987853  -0.995543  -1.00143  -1.00571  -1.00865  -1.01047  -1.01143  -1.01171  -1.01148  -1.01089  -1.01004  -1.009  -1.00785  -1.00661  -1.00532  -1.004  -1.00266  -1.00131  -0.999964  -0.998617  -0.997275  -0.995938  -0.994606  -0.993282  -0.991964  -0.990653  -0.98935  -0.988053  
-0.820913  -0.83607  -0.84906  -0.862624  -0.877399  -0.89324  -0.909678  -0.926109  -0.94191  -0.956527  -0.969538  -0.980683  -0.989871  -0.997149  -1.00267  -1.00665  -1.00934  -1.01098  -1.01178  -1.01195  -1.01165  -1.011  -1.01011  -1.00905  -1.00788  -1.00663  -1.00533  -1.004  -1.00266  -1.00131  -0.999965  -0.998618  -0.997275  -0.995938  -0.994607  -0.993282  -0.991964  -0.990653  -0.98935  -0.988053  
-0.822692  -0.838749  -0.852301  -0.866265  -0.881311  -0.89729  -0.91372  -0.93  -0.945524  -0.959769  -0.972349  -0.983045  -0.991796  -0.998675  -1.00385  -1.00754  -1.01  -1.01145  -1.01212  -1.01218  -1.01181  -1.01111  -1.01018  -1.0091  -1.0079  -1.00664  -1.00534  -1.00401  -1.00267  -1.00132  -0.999966  -0.998619  -0.997276  -0.995938  -0.994607  -0.993282  -0.991964  -0.990653  -0.98935  -0.988053  
-0.824532  -0.841504  -0.855615  -0.86996  -0.885251  -0.901335  -0.917726  -0.933828  -0.949054  -0.962913  -0.97506  -0.985309  -0.993632  -1.00012  -1.00496  -1.00838  -1.01061  -1.01189  -1.01243  -1.0124  -1.01195  -1.01121  -1.01025  -1.00914  -1.00793  -1.00666  -1.00535  -1.00402  -1.00267  -1.00132  -0.999968  -0.998619  -0.997276  -0.995938  -0.994607  -0.993282  -0.991964  -0.990653  -0.98935  -0.988053  
-0.82643  -0.844335  -0.858996  -0.873702  -0.889211  -0.90537  -0.921691  -0.937587  -0.952495  -0.965959  -0.977669  -0.987476  -0.995382  -1.0015  -1.00602  -1.00917  -1.01119  -1.0123  -1.01272  -1.0126  -1.01209  -1.0113  -1.0103  -1.00918  -1.00795  -1.00667  -1.00536  -1.00402  -1.00267  -1.00132  -0.999969  -0.99862  -0.997276  -0.995938  -0.994607  -0.993282  -0.991964  -0.990653  -0.98935  -0.988053  
-0.828384  -0.847236  -0.862439  -0.877487  -0.893184  -0.909386  -0.925607  -0.941273  -0.955847  -0.968906  -0.980178  -0.98955  -0.997047  -1.0028  -1.00701  -1.00991  -1.01173  -1.01269  -1.01299  -1.01279  -1.01222  -1.01138  -1.01036  -1.00921  -1.00798  -1.00669  -1.00537  -1.00403  -1.00268  -1.00132  -0.99997  -0.998621  -0.997277  -0.995939  -0.994607  -0.993282  -0.991964  -0.990653  -0.98935  -0.988053  
-0.830393  -0.850204  -0.86594  -0.881306  -0.897164  -0.913379  -0.929471  -0.944883  -0.959107  -0.971754  -0.982589  -0.991532  -0.998632  -1.00404  -1.00795  -1.01061  -1.01224  -1.01306  -1.01325  -1.01296  -1.01234  -1.01146  -1.01041  -1.00924  -1.008  -1.0067  -1.00537  -1.00403  -1.00268  -1.00132  -0.999971  -0.998621  -0.997277  -0.995939  -0.994607  -0.993282  -0.991964  -0.990653  -0.98935  -0.988053  
-0.832455  -0.853236  -0.869493  -0.885154  -0.901143  -0.91734  -0.933276  -0.948413  -0.962273  -0.974503  -0.984904  -0.993425  -1.00014  -1.00521  -1.00884  -1.01127  -1.01272  -1.0134  -1.01348  -1.01313  -1.01245  -1.01153  -1.01046  -1.00927  -1.00802  -1.00671  -1.00538  -1.00404  -1.00268  -1.00133  -0.999972  -0.998622  -0.997277  -0.995939  -0.994607  -0.993282  -0.991964  -0.990653  -0.98935  -0.988053  
-0.834567  -0.856326  -0.873092  -0.889024  -0.905115  -0.921265  -0.937018  -0.95186  -0.965344  -0.977153  -0.987123  -0.995231  -1.00157  -1.00631  -1.00968  -1.01189  -1.01317  -1.01372  -1.01371  -1.01328  -1.01255  -1.0116  -1.0105  -1.0093  -1.00804  -1.00672  -1.00539  -1.00404  -1.00268  -1.00133  -0.999972  -0.998622  -0.997278  -0.995939  -0.994607  -0.993282  -0.991964  -0.990653  -0.98935  -0.988053  
-0.836726  -0.859471  -0.876731  -0.892909  -0.909074  -0.925147  -0.940693  -0.955222  -0.96832  -0.979706  -0.98925  -0.996954  -1.00293  -1.00736  -1.01047  -1.01247  -1.01359  -1.01402  -1.01392  -1.01342  -1.01265  -1.01167  -1.01055  -1.00933  -1.00805  -1.00674  -1.0054  -1.00404  -1.00269  -1.00133  -0.999973  -0.998623  -0.997278  -0.995939  -0.994607  -0.993282  -0.991964  -0.990653  -0.98935  -0.988053  
-0.838929  -0.862666  -0.880405  -0.896804  -0.913012  -0.928981  -0.944296  -0.958496  -0.9712  -0.982163  -0.991285  -0.998596  -1.00422  -1.00835  -1.01121  -1.01302  -1.01398  -1.0143  -1.01411  -1.01356  -1.01274  -1.01173  -1.01058  -1.00935  -1.00807  -1.00674  -1.0054  -1.00405  -1.00269  -1.00133  -0.999974  -0.998623  -0.997278  -0.995939  -0.994607  -0.993282  -0.991964  -0.990654  -0.98935  -0.988053  
-0.841174  -0.865906  -0.884106  -0.9007  -0.916924  -0.932761  -0.947824  -0.961681  -0.973985  -0.984525  -0.993232  -1.00016  -1.00545  -1.00929  -1.01191  -1.01353  -1.01436  -1.01456  -1.01429  -1.01368  -1.01282  -1.01178  -1.01062  -1.00938  -1.00808  -1.00675  -1.00541  -1.00405  -1.00269  -1.00133  -0.999974  -0.998623  -0.997278  -0.995939  -0.994607  -0.993282  -0.991964  -0.990654  -0.98935  -0.988053  
-0.843457  -0.869186  -0.88783  -0.904593  -0.920803  -0.936483  -0.951274  -0.964775  -0.976674  -0.986793  -0.995093  -1.00165  -1.00661  -1.01018  -1.01257  -1.01402  -1.0147  -1.0148  -1.01446  -1.0138  -1.0129  -1.01183  -1.01065  -1.0094  -1.0081  -1.00676  -1.00541  -1.00405  -1.00269  -1.00133  -0.999975  -0.998624  -0.997278  -0.995939  -0.994607  -0.993282  -0.991964  -0.990654  -0.98935  -0.988053  
-0.845774  -0.8725  -0.89157  -0.908474  -0.924644  -0.940143  -0.954643  -0.967777  -0.979267  -0.98897  -0.99687  -1.00306  -1.00771  -1.01101  -1.0132  -1.01447  -1.01503  -1.01503  -1.01462  -1.01391  -1.01297  -1.01188  -1.01068  -1.00942  -1.00811  -1.00677  -1.00542  -1.00406  -1.00269  -1.00133  -0.999976  -0.998624  -0.997279  -0.99594  -0.994608  -0.993282  -0.991964  -0.990654  -0.98935  -0.988053  
-0.848123  -0.875844  -0.895319  -0.912339  -0.928441  -0.943736  -0.957929  -0.970687  -0.981767  -0.991056  -0.998566  -1.00441  -1.00875  -1.0118  -1.01378  -1.0149  -1.01533  -1.01525  -1.01477  -1.01401  -1.01304  -1.01192  -1.01071  -1.00944  -1.00812  -1.00678  -1.00542  -1.00406  -1.00269  -1.00133  -0.999976  -0.998624  -0.997279  -0.99594  -0.994608  -0.993282  -0.991964  -0.990654  -0.98935  -0.988053  
-0.8505  -0.879211  -0.899072  -0.916181  -0.93219  -0.947258  -0.961129  -0.973503  -0.984173  -0.993055  -1.00018  -1.00568  -1.00973  -1.01255  -1.01433  -1.0153  -1.01562  -1.01545  -1.01491  -1.0141  -1.0131  -1.01197  -1.01074  -1.00945  -1.00813  -1.00678  -1.00543  -1.00406  -1.0027  -1.00133  -0.999977  -0.998625  -0.997279  -0.99594  -0.994608  -0.993282  -0.991964  -0.990654  -0.98935  -0.988053  
-0.8529  -0.882597  -0.902822  -0.919995  -0.935884  -0.950707  -0.964242  -0.976227  -0.986487  -0.994968  -1.00172  -1.00689  -1.01067  -1.01325  -1.01485  -1.01568  -1.01589  -1.01564  -1.01504  -1.01419  -1.01316  -1.012  -1.01077  -1.00947  -1.00814  -1.00679  -1.00543  -1.00406  -1.0027  -1.00134  -0.999977  -0.998625  -0.997279  -0.99594  -0.994608  -0.993282  -0.991964  -0.990654  -0.98935  -0.988053  
-0.85532  -0.885995  -0.906563  -0.923774  -0.939521  -0.954078  -0.967266  -0.978858  -0.988711  -0.996797  -1.00319  -1.00804  -1.01155  -1.01391  -1.01534  -1.01603  -1.01614  -1.01581  -1.01516  -1.01427  -1.01321  -1.01204  -1.01079  -1.00949  -1.00815  -1.0068  -1.00543  -1.00407  -1.0027  -1.00134  -0.999978  -0.998625  -0.997279  -0.99594  -0.994608  -0.993282  -0.991964  -0.990654  -0.98935  -0.988053  
-0.857757  -0.889401  -0.910289  -0.927513  -0.943095  -0.957371  -0.970202  -0.981397  -0.990845  -0.998545  -1.00459  -1.00914  -1.01238  -1.01454  -1.0158  -1.01636  -1.01638  -1.01598  -1.01527  -1.01435  -1.01327  -1.01207  -1.01081  -1.0095  -1.00816  -1.0068  -1.00544  -1.00407  -1.0027  -1.00134  -0.999978  -0.998625  -0.997279  -0.99594  -0.994608  -0.993282  -0.991964  -0.990654  -0.98935  -0.988053  
-0.860206  -0.892808  -0.913996  -0.931208  -0.946604  -0.960582  -0.973047  -0.983844  -0.992893  -1.00021  -1.00592  -1.01017  -1.01317  -1.01512  -1.01623  -1.01667  -1.0166  -1.01613  -1.01538  -1.01442  -1.01331  -1.01211  -1.01083  -1.00951  -1.00817  -1.00681  -1.00544  -1.00407  -1.0027  -1.00134  -0.999978  -0.998626  -0.997279  -0.99594  -0.994608  -0.993282  -0.991964  -0.990654  -0.98935  -0.988053  
-0.862663  -0.896212  -0.917676  -0.934853  -0.950042  -0.963709  -0.975802  -0.986201  -0.994855  -1.00181  -1.00718  -1.01115  -1.01391  -1.01568  -1.01664  -1.01696  -1.0168  -1.01627  -1.01548  -1.01449  -1.01336  -1.01213  -1.01085  -1.00952  -1.00817  -1.00681  -1.00544  -1.00407  -1.0027  -1.00134  -0.999979  -0.998626  -0.997279  -0.99594  -0.994608  -0.993282  -0.991964  -0.990654  -0.98935  -0.988053  
-0.865124  -0.899606  -0.921325  -0.938443  -0.953408  -0.966752  -0.978467  -0.988469  -0.996734  -1.00333  -1.00838  -1.01208  -1.01462  -1.0162  -1.01702  -1.01724  -1.017  -1.01641  -1.01557  -1.01455  -1.0134  -1.01216  -1.01087  -1.00953  -1.00818  -1.00682  -1.00544  -1.00407  -1.0027  -1.00134  -0.999979  -0.998626  -0.99728  -0.99594  -0.994608  -0.993282  -0.991964  -0.990654  -0.98935  -0.988053  
-0.867586  -0.902986  -0.924937  -0.941976  -0.956698  -0.969708  -0.981042  -0.990649  -0.998532  -1.00477  -1.00952  -1.01295  -1.01528  -1.01669  -1.01738  -1.01749  -1.01718  -1.01653  -1.01565  -1.01461  -1.01344  -1.01219  -1.01088  -1.00955  -1.00819  -1.00682  -1.00545  -1.00407  -1.0027  -1.00134  -0.999979  -0.998626  -0.99728  -0.99594  -0.994608  -0.993282  -0.991964  -0.990654  -0.98935  -0.988053  
-0.870045  -0.906347  -0.928508  -0.945446  -0.959911  -0.972577  -0.983527  -0.992743  -1.00025  -1.00615  -1.0106  -1.01378  -1.0159  -1.01716  -1.01771  -1.01774  -1.01735  -1.01665  -1.01574  -1.01466  -1.01347  -1.01221  -1.0109  -1.00955  -1.00819  -1.00682  -1.00545  -1.00408  -1.0027  -1.00134  -0.999979  -0.998626  -0.99728  -0.99594  -0.994608  -0.993283  -0.991964  -0.990654  -0.98935  -0.988053  
-0.872496  -0.909683  -0.932033  -0.948851  -0.963043  -0.975359  -0.985924  -0.994752  -1.00189  -1.00746  -1.01162  -1.01457  -1.01649  -1.01759  -1.01803  -1.01796  -1.01751  -1.01676  -1.01581  -1.01471  -1.01351  -1.01223  -1.01091  -1.00956  -1.0082  -1.00683  -1.00545  -1.00408  -1.00271  -1.00134  -0.99998  -0.998626  -0.99728  -0.99594  -0.994608  -0.993283  -0.991964  -0.990654  -0.98935  -0.988053  
-0.874936  -0.912991  -0.935507  -0.952186  -0.966094  -0.978053  -0.988233  -0.996679  -1.00346  -1.00871  -1.0126  -1.01531  -1.01705  -1.018  -1.01833  -1.01817  -1.01765  -1.01686  -1.01588  -1.01476  -1.01354  -1.01225  -1.01092  -1.00957  -1.0082  -1.00683  -1.00545  -1.00408  -1.00271  -1.00134  -0.99998  -0.998626  -0.99728  -0.99594  -0.994608  -0.993283  -0.991964  -0.990654  -0.98935  -0.988053  
-0.877361  -0.916264  -0.938927  -0.95545  -0.969062  -0.980659  -0.990455  -0.998524  -1.00496  -1.0099  -1.01352  -1.01601  -1.01757  -1.01839  -1.01861  -1.01837  -1.01779  -1.01696  -1.01594  -1.0148  -1.01357  -1.01227  -1.01094  -1.00958  -1.00821  -1.00683  -1.00545  -1.00408  -1.00271  -1.00134  -0.99998  -0.998627  -0.99728  -0.99594  -0.994608  -0.993283  -0.991964  -0.990654  -0.98935  -0.988053  
-0.879768  -0.919499  -0.942289  -0.95864  -0.971945  -0.983178  -0.992592  -1.00029  -1.00639  -1.01102  -1.01439  -1.01667  -1.01807  -1.01875  -1.01887  -1.01856  -1.01792  -1.01705  -1.01601  -1.01484  -1.01359  -1.01229  -1.01095  -1.00959  -1.00821  -1.00684  -1.00546  -1.00408  -1.00271  -1.00134  -0.99998  -0.998627  -0.99728  -0.99594  -0.994608  -0.993283  -0.991964  -0.990654  -0.98935  -0.988053  
-0.882154  -0.922692  -0.945589  -0.961753  -0.974744  -0.985609  -0.994646  -1.00198  -1.00774  -1.01209  -1.01521  -1.0173  -1.01853  -1.01909  -1.01911  -1.01873  -1.01804  -1.01713  -1.01606  -1.01488  -1.01362  -1.0123  -1.01096  -1.00959  -1.00822  -1.00684  -1.00546  -1.00408  -1.00271  -1.00134  -0.999981  -0.998627  -0.99728  -0.99594  -0.994608  -0.993283  -0.991964  -0.990654  -0.98935  -0.988053  
-0.884515  -0.925839  -0.948824  -0.964788  -0.977458  -0.987955  -0.996617  -1.0036  -1.00904  -1.01311  -1.016  -1.01789  -1.01897  -1.01941  -1.01934  -1.01889  -1.01816  -1.01721  -1.01612  -1.01491  -1.01364  -1.01232  -1.01097  -1.0096  -1.00822  -1.00684  -1.00546  -1.00408  -1.00271  -1.00134  -0.999981  -0.998627  -0.99728  -0.99594  -0.994608  -0.993283  -0.991964  -0.990654  -0.98935  -0.988053  
-0.886847  -0.928937  -0.951991  -0.967744  -0.980086  -0.990215  -0.998508  -1.00514  -1.01027  -1.01407  -1.01674  -1.01845  -1.01938  -1.01971  -1.01956  -1.01905  -1.01826  -1.01728  -1.01616  -1.01495  -1.01366  -1.01233  -1.01098  -1.00961  -1.00822  -1.00684  -1.00546  -1.00408  -1.00271  -1.00134  -0.999981  -0.998627  -0.99728  -0.99594  -0.994608  -0.993283  -0.991964  -0.990654  -0.98935  -0.988053  
-0.889149  -0.931981  -0.955089  -0.970618  -0.982629  -0.992391  -1.00032  -1.00662  -1.01144  -1.01499  -1.01743  -1.01897  -1.01977  -1.01999  -1.01976  -1.01919  -1.01836  -1.01735  -1.01621  -1.01498  -1.01368  -1.01235  -1.01099  -1.00961  -1.00823  -1.00684  -1.00546  -1.00408  -1.00271  -1.00134  -0.999981  -0.998627  -0.99728  -0.99594  -0.994608  -0.993283  -0.991964  -0.990654  -0.98935  -0.988053  
-0.891418  -0.934969  -0.958114  -0.973411  -0.985087  -0.994485  -1.00206  -1.00802  -1.01256  -1.01585  -1.01809  -1.01947  -1.02014  -1.02026  -1.01995  -1.01932  -1.01846  -1.01742  -1.01625  -1.01501  -1.0137  -1.01236  -1.01099  -1.00962  -1.00823  -1.00685  -1.00546  -1.00408  -1.00271  -1.00134  -0.999981  -0.998627  -0.99728  -0.99594  -0.994608  -0.993283  -0.991964  -0.990654  -0.98935  -0.988053  
-0.89365  -0.937898  -0.961065  -0.976121  -0.98746  -0.996497  -1.00372  -1.00936  -1.01362  -1.01667  -1.01872  -1.01993  -1.02048  -1.02051  -1.02013  -1.01945  -1.01854  -1.01748  -1.01629  -1.01503  -1.01372  -1.01237  -1.011  -1.00962  -1.00823  -1.00685  -1.00546  -1.00408  -1.00271  -1.00134  -0.999981  -0.998627  -0.99728  -0.99594  -0.994608  -0.993283  -0.991964  -0.990654  -0.98935  -0.988053  
-0.895843  -0.940766  -0.96394  -0.978748  -0.98975  -0.998429  -1.00531  -1.01064  -1.01462  -1.01745  -1.01931  -1.02037  -1.0208  -1.02074  -1.02029  -1.01956  -1.01862  -1.01753  -1.01633  -1.01506  -1.01373  -1.01238  -1.01101  -1.00962  -1.00824  -1.00685  -1.00546  -1.00408  -1.00271  -1.00134  -0.999981  -0.998627  -0.99728  -0.99594  -0.994608  -0.993283  -0.991964  -0.990654  -0.98935  -0.988053  
-0.897996  -0.94357  -0.966738  -0.981292  -0.991956  -1.00028  -1.00683  -1.01186  -1.01558  -1.01819  -1.01987  -1.02079  -1.02111  -1.02096  -1.02045  -1.01967  -1.0187  -1.01758  -1.01637  -1.01508  -1.01375  -1.01239  -1.01101  -1.00963  -1.00824  -1.00685  -1.00547  -1.00409  -1.00271  -1.00134  -0.999981  -0.998627  -0.99728  -0.99594  -0.994608  -0.993283  -0.991964  -0.990654  -0.98935  -0.988053  
-0.900106  -0.946309  -0.969459  -0.983753  -0.994081  -1.00206  -1.00828  -1.01301  -1.01648  -1.01888  -1.02039  -1.02118  -1.02139  -1.02116  -1.0206  -1.01978  -1.01877  -1.01763  -1.0164  -1.0151  -1.01376  -1.0124  -1.01102  -1.00963  -1.00824  -1.00685  -1.00547  -1.00409  -1.00271  -1.00134  -0.999982  -0.998627  -0.99728  -0.99594  -0.994608  -0.993283  -0.991964  -0.990654  -0.98935  -0.988053  
-0.902171  -0.948981  -0.9721  -0.986132  -0.996126  -1.00376  -1.00966  -1.01411  -1.01734  -1.01954  -1.02089  -1.02155  -1.02166  -1.02136  -1.02073  -1.01987  -1.01884  -1.01768  -1.01643  -1.01512  -1.01378  -1.01241  -1.01102  -1.00964  -1.00824  -1.00685  -1.00547  -1.00409  -1.00271  -1.00134  -0.999982  -0.998627  -0.99728  -0.99594  -0.994608  -0.993283  -0.991964  -0.990654  -0.98935  -0.988053  
-0.904191  -0.951584  -0.974662  -0.988429  -0.998091  -1.0054  -1.01098  -1.01516  -1.01816  -1.02016  -1.02136  -1.02189  -1.02192  -1.02154  -1.02086  -1.01996  -1.0189  -1.01772  -1.01646  -1.01514  -1.01379  -1.01242  -1.01103  -1.00964  -1.00825  -1.00685  -1.00547  -1.00409  -1.00271  -1.00134  -0.999982  -0.998627  -0.99728  -0.99594  -0.994608  -0.993283  -0.991964  -0.990654  -0.98935  -0.988053  
-0.906163  -0.954117  -0.977145  -0.990645  -0.999979  -1.00696  -1.01224  -1.01616  -1.01893  -1.02075  -1.0218  -1.02222  -1.02215  -1.02171  -1.02098  -1.02005  -1.01896  -1.01776  -1.01648  -1.01516  -1.0138  -1.01242  -1.01103  -1.00964  -1.00825  -1.00686  -1.00547  -1.00409  -1.00271  -1.00134  -0.999982  -0.998627  -0.99728  -0.99594  -0.994608  -0.993283  -0.991964  -0.990654  -0.98935  -0.988053  
-0.908086  -0.95658  -0.979549  -0.992781  -1.00179  -1.00845  -1.01344  -1.0171  -1.01966  -1.02131  -1.02221  -1.02253  -1.02238  -1.02187  -1.0211  -1.02012  -1.01901  -1.01779  -1.01651  -1.01517  -1.01381  -1.01243  -1.01104  -1.00964  -1.00825  -1.00686  -1.00547  -1.00409  -1.00271  -1.00134  -0.999982  -0.998627  -0.99728  -0.99594  -0.994608  -0.993283  -0.991964  -0.990654  -0.98935  -0.988053  
-0.90996  -0.958972  -0.981874  -0.994838  -1.00353  -1.00987  -1.01458  -1.018  -1.02035  -1.02183  -1.02261  -1.02281  -1.02258  -1.02202  -1.0212  -1.0202  -1.01906  -1.01783  -1.01653  -1.01519  -1.01382  -1.01244  -1.01104  -1.00965  -1.00825  -1.00686  -1.00547  -1.00409  -1.00271  -1.00134  -0.999982  -0.998627  -0.99728  -0.99594  -0.994608  -0.993283  -0.991964  -0.990654  -0.98935  -0.988053  
-0.911783  -0.961292  -0.98412  -0.996817  -1.00519  -1.01123  -1.01567  -1.01885  -1.02101  -1.02233  -1.02298  -1.02309  -1.02278  -1.02216  -1.0213  -1.02027  -1.01911  -1.01786  -1.01655  -1.0152  -1.01383  -1.01244  -1.01105  -1.00965  -1.00825  -1.00686  -1.00547  -1.00409  -1.00271  -1.00134  -0.999982  -0.998627  -0.99728  -0.99594  -0.994608  -0.993283  -0.991964  -0.990654  -0.98935  -0.988053  
-0.913556  -0.96354  -0.986288  -0.99872  -1.00679  -1.01253  -1.01671  -1.01966  -1.02163  -1.0228  -1.02332  -1.02334  -1.02297  -1.02229  -1.02139  -1.02033  -1.01915  -1.01789  -1.01657  -1.01522  -1.01384  -1.01245  -1.01105  -1.00965  -1.00825  -1.00686  -1.00547  -1.00409  -1.00271  -1.00134  -0.999982  -0.998627  -0.99728  -0.99594  -0.994608  -0.993283  -0.991964  -0.990654  -0.98935  -0.988053  
-0.915277  -0.965716  -0.988379  -1.00055  -1.00832  -1.01377  -1.01769  -1.02043  -1.02222  -1.02324  -1.02365  -1.02358  -1.02314  -1.02241  -1.02148  -1.02039  -1.01919  -1.01792  -1.01659  -1.01523  -1.01385  -1.01245  -1.01105  -1.00965  -1.00825  -1.00686  -1.00547  -1.00409  -1.00271  -1.00134  -0.999982  -0.998627  -0.99728  -0.99594  -0.994608  -0.993283  -0.991964  -0.990654  -0.98935  -0.988053  
-0.916946  -0.967821  -0.990393  -1.0023  -1.00978  -1.01495  -1.01862  -1.02115  -1.02277  -1.02366  -1.02396  -1.02381  -1.0233  -1.02253  -1.02156  -1.02045  -1.01923  -1.01794  -1.01661  -1.01524  -1.01385  -1.01246  -1.01106  -1.00966  -1.00826  -1.00686  -1.00547  -1.00409  -1.00271  -1.00134  -0.999982  -0.998627  -0.99728  -0.99594  -0.994608  -0.993283  -0.991964  -0.990654  -0.98935  -0.988053  
-0.918563  -0.969855  -0.992333  -1.00398  -1.01117  -1.01608  -1.01951  -1.02184  -1.0233  -1.02405  -1.02425  -1.02402  -1.02345  -1.02264  -1.02164  -1.0205  -1.01927  -1.01797  -1.01662  -1.01525  -1.01386  -1.01246  -1.01106  -1.00966  -1.00826  -1.00686  -1.00547  -1.00409  -1.00271  -1.00134  -0.999982  -0.998627  -0.99728  -0.99594  -0.994608  -0.993283  -0.991964  -0.990654  -0.98935  -0.988053  
